37.08617	13.71759	307.23244	-0.01341	0.01842	0.01111	0.12837	1	0.00019	-0.00032	-0.00019	1	-0.00023	0.00032	0.00023	1
37.04817	13.61382	307.24124	-0.02793	0.03283	0.01212	0.0841	1	0.00021	-0.00057	-0.00021	1	-0.00049	0.00057	0.00049	1
36.97283	13.63976	307.24206	-0.0405	0.01468	0.01794	0.14728	1	0.00031	-0.00026	-0.00031	1	-0.00071	0.00026	0.00071	1
36.93502	13.6282	307.18081	-0.03249	0.00912	0.02537	0.24155	1	0.00044	-0.00016	-0.00044	1	-0.00057	0.00016	0.00057	1
36.94228	13.61294	307.17193	-0.03589	0.00741	0.02226	0.25146	1	0.00039	-0.00013	-0.00039	1	-0.00063	0.00013	0.00063	1
36.90207	13.60664	307.18841	-0.03879	0.01178	0.02787	0.24362	1	0.00049	-0.00021	-0.00049	1	-0.00068	0.00021	0.00068	1
37.13154	13.53876	307.19276	-0.06474	0.00216	0.02353	0.39488	1	0.00041	-4E-05	-0.00041	1	-0.00113	4E-05	0.00113	1
37.29541	13.46543	307.05329	-0.0864	-0.00708	0.02093	0.42413	1	0.00037	0.00012	-0.00037	1	-0.00151	-0.00012	0.00151	1
37.02254	13.62309	307.06752	-0.06113	0.00084	0.01391	0.28396	1	0.00024	-1E-05	-0.00024	1	-0.00107	1E-05	0.00107	1
36.99611	13.61552	307.07177	-0.06029	-0.00212	0.01456	0.28119	1	0.00025	4E-05	-0.00025	1	-0.00105	-4E-05	0.00105	1
36.81642	13.59752	306.9648	-0.04792	-0.00142	-0.01742	0.19901	1	-0.0003	3E-05	0.0003	1	-0.00084	-2E-05	0.00084	1
36.85606	13.55889	306.9958	-0.05264	0.00869	0.0129	0.23603	1	0.00022	-0.00015	-0.00023	1	-0.00092	0.00015	0.00092	1
36.81812	13.54735	307.01363	-0.05554	0.01672	0.00697	0.23792	1	0.00012	-0.00029	-0.00012	1	-0.00097	0.00029	0.00097	1
36.85063	13.51126	306.98989	-0.06556	0.02409	0.00775	0.22509	1	0.00013	-0.00042	-0.00014	1	-0.00114	0.00042	0.00114	1
36.8499	13.52815	307.01163	-0.06419	0.02222	0.00873	0.21307	1	0.00015	-0.00039	-0.00015	1	-0.00112	0.00039	0.00112	1
36.84916	13.53101	306.99065	-0.05776	0.02814	0.00903	0.20412	1	0.00016	-0.00049	-0.00016	1	-0.00101	0.00049	0.00101	1
36.79996	13.5389	306.9855	-0.05683	0.02054	0.00763	0.21029	1	0.00013	-0.00036	-0.00013	1	-0.00099	0.00036	0.00099	1
36.80299	13.52697	306.98037	-0.05514	0.01886	0.00434	0.20373	1	8E-05	-0.00033	-8E-05	1	-0.00096	0.00033	0.00096	1
36.80079	13.54942	306.98177	-0.05879	0.02379	0.00782	0.20219	1	0.00014	-0.00042	-0.00014	1	-0.00103	0.00042	0.00103	1
36.78245	13.51824	306.97494	-0.0608	0.01998	0.00649	0.2145	1	0.00011	-0.00035	-0.00011	1	-0.00106	0.00035	0.00106	1
36.75374	13.56829	306.94492	-0.05147	0.02189	0.00597	0.20375	1	0.0001	-0.00038	-0.0001	1	-0.0009	0.00038	0.0009	1
36.79595	13.56333	306.98331	-0.05397	0.02868	0.0025	0.20717	1	4E-05	-0.0005	-4E-05	1	-0.00094	0.0005	0.00094	1
37.02649	13.60168	307.01709	-0.05758	0.06476	0.00784	0.20436	1	0.00014	-0.00113	-0.00014	1	-0.001	0.00113	0.001	1
37.68151	13.95487	307.31724	-0.09283	0.15237	-0.0121	0.21088	1	-0.00022	-0.00266	0.00021	1	-0.00162	0.00266	0.00162	1
40.04518	14.11238	308.16389	-0.22219	0.5722	0.15494	0.26311	0.99995	0.00267	-0.01	-0.0027	0.99999	-0.00385	0.00999	0.00388	0.99994
42.75067	13.99316	309.43194	-0.30258	0.86495	0.54102	0.25274	0.99984	0.00936	-0.01514	-0.00944	0.99994	-0.00514	0.0151	0.00528	0.99987
48.14953	14.68819	312.33804	-0.21321	2.02181	1.47539	0.22318	0.99905	0.02562	-0.03536	-0.02573	0.99966	-0.00281	0.03528	0.00372	0.99937
56.34187	15.77257	320.63418	-0.39714	3.44436	1.94892	0.31901	0.99762	0.03359	-0.06028	-0.03395	0.99941	-0.00488	0.06008	0.00692	0.99817
59.37305	15.30992	333.31319	-0.46146	2.63356	1.60905	0.27556	0.99855	0.02771	-0.04615	-0.02805	0.99958	-0.00676	0.04595	0.00805	0.99891
59.26009	13.75781	349.63266	-1.00497	1.63919	1.63267	0.28626	0.99918	0.02799	-0.02909	-0.02848	0.99945	-0.01672	0.02861	0.01753	0.99944
59.95315	12.13982	367.7625	-1.16844	1.79101	1.49633	0.23412	0.99917	0.02547	-0.03177	-0.0261	0.99947	-0.01957	0.03125	0.02038	0.9993
62.82279	10.1156	386.53542	-1.63755	1.92315	1.48609	0.25888	0.9991	0.02496	-0.03428	-0.02592	0.99928	-0.0277	0.03356	0.02856	0.99903
72.19437	8.46491	406.44158	-2.05458	3.07503	1.87488	0.22932	0.99803	0.03077	-0.05475	-0.03267	0.99889	-0.03408	0.05364	0.0358	0.99792
80.96324	5.5829	428.5435	-1.60749	3.88452	2.09277	0.30821	0.99704	0.0346	-0.0687	-0.03643	0.99901	-0.02556	0.06775	0.02799	0.99731
85.6339	0.20913	450.73004	-1.02461	3.81169	1.8732	0.31453	0.99725	0.03149	-0.06702	-0.03262	0.99934	-0.0157	0.06648	0.01784	0.99763
87.52201	-6.48717	473.30244	-0.5912	3.41228	1.66779	0.44264	0.9978	0.02849	-0.05979	-0.02905	0.99954	-0.00858	0.05952	0.0103	0.99817
89.62598	-11.40675	492.79552	-0.70542	3.11976	1.44645	0.41413	0.9982	0.02457	-0.05471	-0.02521	0.99962	-0.01093	0.05442	0.01229	0.99844
94.87903	-13.81409	512.41481	-0.43021	3.80009	1.66331	0.3276	0.99738	0.02853	-0.06646	-0.02896	0.99956	-0.00558	0.06628	0.00749	0.99777
99.47646	-12.72713	537.43873	-0.47767	4.492	1.57476	0.305	0.99655	0.02683	-0.07852	-0.0274	0.99961	-0.00618	0.07832	0.00831	0.99689
101.45724	-10.67764	566.61302	-0.59602	4.03298	1.83636	0.33225	0.99701	0.03131	-0.07062	-0.03197	0.99946	-0.00814	0.07033	0.01038	0.99747
109.90122	-7.78462	601.37574	-0.98292	5.35195	1.84105	0.27289	0.99513	0.03052	-0.09376	-0.03199	0.99939	-0.01415	0.09327	0.01708	0.99549
119.98924	-1.16551	639.70588	-2.24908	6.84774	1.65061	0.27089	0.99245	0.02411	-0.12022	-0.0286	0.99895	-0.0358	0.11923	0.03896	0.9921
124.4293	5.71874	676.29576	-2.6104	6.91271	1.62937	0.23209	0.99233	0.02293	-0.12148	-0.02823	0.99871	-0.04211	0.12036	0.04521	0.9917
125.96786	12.43793	708.45287	-2.40056	6.71233	1.68309	0.27621	0.99272	0.02445	-0.11796	-0.02917	0.99884	-0.03844	0.11688	0.0416	0.99227
128.12021	17.10817	736.82132	-1.7616	7.17588	1.74641	0.27524	0.99171	0.02662	-0.12574	-0.03024	0.99918	-0.02692	0.12492	0.0305	0.9917
131.17313	16.08255	763.89759	-0.2044	8.2903	1.94921	0.17603	0.98898	0.0335	-0.14423	-0.03366	0.99943	0.00134	0.14419	0.00353	0.98954
131.53816	13.99209	788.66654	0.36805	8.26256	2.46143	0.22282	0.98871	0.04387	-0.1433	-0.0425	0.99902	0.01259	0.14371	-0.00636	0.9896
128.22278	13.09028	808.91881	-0.0374	7.2922	1.95338	0.26626	0.99134	0.034	-0.12688	-0.03381	0.99942	0.00367	0.12693	0.00065	0.99191
123.32797	11.68538	825.13306	-0.1067	7.2962	1.49426	0.2842	0.99157	0.02584	-0.127	-0.02587	0.99966	0.00145	0.127	0.00185	0.9919
120.9459	11.99265	841.46585	-0.29603	8.82511	1.69702	0.30026	0.98773	0.02882	-0.1535	-0.02926	0.99957	-0.00062	0.15342	0.00511	0.98815
115.53815	13.41788	861.62585	-0.12783	9.42582	1.69594	0.28692	0.98607	0.02923	-0.16376	-0.0292	0.99957	0.00262	0.16377	0.0022	0.9865
107.52265	13.9409	885.95206	0.3862	7.85843	2.26699	0.10774	0.98983	0.04048	-0.13635	-0.03918	0.99916	0.01214	0.13673	-0.00668	0.99059
101.87104	14.49137	911.45677	0.95754	6.4846	2.38963	0.36895	0.99274	0.04357	-0.11213	-0.04143	0.99891	0.02141	0.11294	-0.0166	0.99346
97.15451	16.33609	940.31676	1.18405	5.37874	2.15195	0.19146	0.99489	0.03948	-0.09288	-0.03738	0.99901	0.02417	0.09374	-0.02057	0.99538
92.56557	17.80914	966.88427	0.5158	5.02799	2.99276	0.47977	0.99479	0.053	-0.08705	-0.05201	0.99855	0.01357	0.08764	-0.00897	0.99611
86.16928	12.62591	985.38165	-0.73066	4.17189	3.02802	0.33918	0.99596	0.05189	-0.07332	-0.05268	0.99857	-0.00889	0.07275	0.01272	0.99727
86.18839	5.54802	1001.88645	-2.04198	3.27584	2.61661	0.42753	0.99733	0.04359	-0.05867	-0.04558	0.99842	-0.03299	0.05714	0.03557	0.99773
88.66584	0.83988	1020.08349	-2.18019	1.75407	2.15522	0.33248	0.99882	0.03642	-0.032	-0.03759	0.99861	-0.03687	0.03061	0.03802	0.99881
87.09999	-4.01192	1034.04306	-2.2092	0.12221	1.79909	0.55876	0.9995	0.03129	-0.00334	-0.03139	0.99877	-0.03846	0.00213	0.03855	0.99925
82.66675	-6.43914	1037.40797	-2.07279	-0.5581	2.34975	0.83096	0.99911	0.04132	0.00824	-0.041	0.99849	-0.03654	-0.00974	0.03617	0.9993
80.84344	-10.62469	1035.29736	-1.49624	0.29093	3.90771	0.54529	0.99766	0.06799	-0.00684	-0.06815	0.99734	-0.0257	0.00508	0.02611	0.99965
83.01474	-16.14577	1030.08198	-1.04272	1.83683	4.44355	0.55495	0.99648	0.07688	-0.03336	-0.07744	0.99687	-0.01566	0.03205	0.01819	0.99932
87.73386	-18.75177	1027.32629	-0.70562	4.36036	3.67902	0.41555	0.99505	0.06323	-0.07666	-0.06398	0.99792	-0.00741	0.07603	0.01228	0.99703
88.1007	-20.01733	1025.73	-1.08966	5.29248	2.95883	0.38885	0.99441	0.04986	-0.09308	-0.0514	0.99858	-0.01423	0.09224	0.01894	0.99556
85.17253	-19.30537	1028.87319	-1.39528	4.46371	3.03543	0.42595	0.99557	0.05105	-0.07898	-0.05279	0.9984	-0.0202	0.07783	0.02428	0.99667
86.12366	-16.51494	1043.15402	-2.24691	4.64333	3.4032	0.43737	0.99496	0.05615	-0.08308	-0.05917	0.99766	-0.03433	0.08095	0.03908	0.99595
91.99234	-15.38389	1067.35514	-2.93886	4.65478	4.2313	0.45672	0.99399	0.06954	-0.08461	-0.07354	0.99627	-0.04515	0.08115	0.0511	0.99539
94.93188	-16.14338	1093.90442	-2.92356	2.96305	3.95512	0.64869	0.99628	0.06626	-0.05502	-0.06888	0.9965	-0.04732	0.05169	0.05094	0.99736
97.47896	-17.4516	1125.61388	-2.07037	2.80359	3.26675	0.29242	0.99718	0.05518	-0.05086	-0.05692	0.99782	-0.03328	0.04891	0.03608	0.99815
99.33572	-15.83149	1155.39527	-1.94071	2.04629	2.64042	0.33228	0.9983	0.04483	-0.03721	-0.04604	0.99842	-0.03219	0.03571	0.03384	0.99879
101.27517	-12.19447	1184.63407	-1.44694	2.22549	2.35417	0.68134	0.9984	0.04008	-0.03982	-0.04105	0.99888	-0.02364	0.03883	0.02523	0.99893
104.15309	-12.76947	1212.9027	-0.2769	1.72694	1.46375	0.58382	0.99922	0.0254	-0.03025	-0.02553	0.99967	-0.00406	0.03014	0.00483	0.99953
113.93154	-13.29119	1241.75545	0.33882	2.68471	-0.22606	0.63038	0.99889	-0.00367	-0.04686	0.00394	0.99998	0.00573	0.04684	-0.00591	0.99888
125.66781	-11.36316	1267.98174	0.2823	3.33012	-0.81568	0.53008	0.99821	-0.01395	-0.05815	0.01421	0.99989	0.0041	0.05809	-0.00492	0.9983
135.76722	-5.92542	1293.02856	-0.36973	3.13776	-2.1163	0.59205	0.99782	-0.03728	-0.05446	0.03687	0.99928	-0.00847	0.05474	0.00644	0.99848
142.48262	1.01077	1313.62974	-1.36428	2.13948	-3.33165	0.55538	0.99761	-0.05899	-0.03588	0.05807	0.99798	-0.02594	0.03733	0.02379	0.99902
148.4713	5.88291	1329.67919	-1.5585	1.57883	-3.69717	0.55829	0.99754	-0.06521	-0.02573	0.06446	0.9975	-0.02892	0.02755	0.02719	0.99925
157.76529	8.16764	1344.00456	-1.14506	1.60282	-3.83266	0.64031	0.99737	-0.06739	-0.02657	0.06682	0.99753	-0.02181	0.02797	0.01998	0.99941
169.85597	8.62395	1357.1171	-0.89274	2.50933	-4.03475	0.69492	0.99657	-0.07103	-0.04257	0.07029	0.99735	-0.01862	0.04378	0.01557	0.99892
181.7036	7.23501	1366.76903	-1.13696	2.59886	-4.38695	0.72275	0.99604	-0.07737	-0.04368	0.07641	0.99681	-0.02325	0.04534	0.01982	0.99877
197.33305	4.54969	1377.63708	-1.66513	2.48365	-4.63355	0.69024	0.9958	-0.082	-0.04083	0.08071	0.99621	-0.03246	0.04333	0.02903	0.99864
215.56839	0.43026	1388.21925	-1.93882	2.09431	-4.23704	0.47896	0.9966	-0.07507	-0.03392	0.07383	0.9966	-0.03644	0.03654	0.03381	0.99876
235.7909	-3.25529	1393.59522	-2.58304	1.26544	-3.38535	0.46089	0.99801	-0.05998	-0.01936	0.05904	0.99718	-0.04629	0.02208	0.04506	0.99874
263.59382	-5.5247	1401.0904	-3.39197	1.31658	-2.1195	0.4784	0.99905	-0.03828	-0.02073	0.03697	0.99751	-0.05997	0.02298	0.05915	0.99798
290.57542	-6.21985	1412.23187	-3.83579	1.39217	-0.45284	0.39238	0.99967	-0.00951	-0.02371	0.0079	0.99772	-0.06709	0.0243	0.06688	0.99747
305.89971	-5.40273	1422.09444	-3.75969	-0.47495	1.46333	0.51509	0.99964	0.02603	0.00659	-0.02554	0.99751	-0.06576	-0.00829	0.06557	0.99781
316.46317	0.54268	1428.71595	-3.8068	-2.57267	2.75139	0.27612	0.99784	0.05087	0.04155	-0.04795	0.9965	-0.06847	-0.04489	0.06633	0.99679
332.11118	9.54328	1434.67798	-3.27994	-3.421	4.66673	0.3623	0.99491	0.08463	0.05472	-0.08121	0.99477	-0.06187	-0.05967	0.05711	0.99658
352.32052	21.5873	1440.38833	-2.54064	-3.73165	6.903	0.25343	0.99065	0.12293	0.05922	-0.11993	0.99143	-0.05182	-0.06508	0.04423	0.9969
370.34009	38.47044	1444.50188	-1.75787	-4.21059	8.76706	0.27984	0.98565	0.15457	0.06785	-0.15201	0.98751	-0.0415	-0.07342	0.03059	0.99683
386.24774	53.83631	1446.14717	-0.76116	-4.19938	11.65293	0.25795	0.97676	0.20292	0.06903	-0.20144	0.97911	-0.0278	-0.07323	0.01325	0.99723
400.81028	68.99888	1444.10276	-0.1073	-4.27367	13.8912	0.41708	0.96805	0.24021	0.07189	-0.23941	0.97072	-0.01971	-0.07452	0.00187	0.99722
415.73315	87.94435	1442.86792	-0.10436	-4.73967	16.31984	0.34562	0.95643	0.28114	0.07879	-0.28004	0.95966	-0.02497	-0.08263	0.00182	0.99658
432.33794	109.05415	1443.26803	-0.26402	-5.56724	19.24075	0.35785	0.93969	0.32996	0.09008	-0.32798	0.94398	-0.03632	-0.09701	0.00459	0.99527
451.0909	131.69116	1444.60996	-0.35569	-6.00762	22.65591	0.29203	0.91777	0.38579	0.09419	-0.38308	0.92257	-0.04604	-0.10466	0.00617	0.99449
469.89054	152.33268	1447.59256	-0.30689	-6.53318	27.15608	0.32419	0.88399	0.45695	0.09879	-0.45345	0.88948	-0.0567	-0.11378	0.00532	0.99349
489.49579	172.56415	1456.53957	-0.51401	-6.32722	31.45392	0.23694	0.84786	0.52264	0.08933	-0.51863	0.85251	-0.06516	-0.11021	0.00892	0.99387
505.85927	192.36353	1463.06119	-0.62543	-6.09289	35.98301	0.21341	0.80462	0.58845	0.07947	-0.58423	0.80846	-0.07119	-0.10614	0.01085	0.99429
516.49585	213.41109	1464.74986	-0.5681	-6.06757	40.27011	0.2191	0.75873	0.64716	0.07424	-0.64277	0.76229	-0.07589	-0.1057	0.00986	0.99435
524.08638	235.65106	1462.88229	-0.29351	-5.60469	44.9184	0.31181	0.70473	0.70644	0.06554	-0.70272	0.70775	-0.07259	-0.09766	0.0051	0.99521
527.67393	257.55701	1459.44592	0.3823	-4.73769	49.23885	0.3809	0.65068	0.75706	0.05898	-0.75485	0.65331	-0.0582	-0.08259	-0.00665	0.99656
523.71515	279.13296	1455.57027	1.06351	-4.25664	52.82773	0.47969	0.60255	0.79585	0.05963	-0.79462	0.60521	-0.04792	-0.07422	-0.01851	0.99707
513.79048	303.00933	1451.58695	1.65512	-4.55702	55.90471	0.61649	0.5588	0.82647	0.06844	-0.82549	0.56224	-0.04958	-0.07945	-0.02879	0.99642
504.58124	328.49753	1450.02306	2.32783	-4.10263	59.67236	0.19873	0.50365	0.86097	0.07115	-0.86094	0.50704	-0.04119	-0.07154	-0.04051	0.99661
496.48814	353.94578	1452.41786	2.92224	-3.72882	62.89464	0.1738	0.45466	0.8875	0.07497	-0.88829	0.45799	-0.03459	-0.06503	-0.05087	0.99659
483.2396	379.71173	1454.81067	3.49544	-4.22228	65.09406	0.39028	0.41999	0.90342	0.08625	-0.90454	0.42442	-0.04098	-0.07363	-0.0608	0.99543
468.34285	408.67602	1459.92953	3.71279	-4.55551	67.04904	0.289	0.38871	0.9169	0.09054	-0.91793	0.39386	-0.04773	-0.07942	-0.06455	0.99475
454.78721	439.16782	1467.76206	2.84329	-3.98213	69.03117	0.2027	0.357	0.93139	0.07114	-0.93152	0.36064	-0.04702	-0.06945	-0.04948	0.99636
442.31662	464.88155	1473.1104	2.58241	-3.29069	71.64722	0.2087	0.31435	0.94736	0.06082	-0.94757	0.317	-0.04024	-0.0574	-0.04498	0.99734
431.12766	484.287	1473.04534	3.3187	-3.05908	74.37505	0.20204	0.26896	0.9606	0.0701	-0.96167	0.27186	-0.03572	-0.05337	-0.05781	0.9969
422.41024	500.62213	1470.44849	4.09991	-3.11969	76.96516	0.31068	0.22521	0.97086	0.0819	-0.97279	0.22876	-0.03676	-0.05442	-0.07139	0.99596
416.34216	517.93919	1471.23934	4.15496	-3.21984	79.47195	0.54437	0.18243	0.97984	0.08147	-0.98161	0.18624	-0.04184	-0.05617	-0.07234	0.9958
412.45563	534.33513	1477.99617	4.27405	-3.21784	82.28863	0.26267	0.13397	0.98764	0.08136	-0.98939	0.13796	-0.04547	-0.05613	-0.07441	0.99565
410.55099	549.14805	1485.87517	4.72672	-3.14076	85.44593	0.32627	0.07928	0.99309	0.08648	-0.99535	0.08363	-0.04789	-0.05479	-0.08228	0.9951
409.33424	565.43912	1494.73895	4.37766	-3.41526	88.22594	0.37378	0.0309	0.99646	0.07813	-0.99775	0.03541	-0.05701	-0.05957	-0.07619	0.99531
406.5208	580.43881	1502.19363	4.64561	-3.82271	90.98742	0.35343	-0.01719	0.99666	0.07984	-0.99763	-0.01178	-0.06784	-0.06667	-0.08081	0.9945
402.78497	592.54059	1503.41498	5.60238	-3.87378	94.092	0.33679	-0.0712	0.99316	0.09258	-0.99517	-0.06444	-0.07403	-0.06756	-0.0974	0.99295
396.40869	603.75563	1498.12134	6.72373	-3.79194	96.98494	0.28334	-0.12134	0.98669	0.10823	-0.99041	-0.11309	-0.07943	-0.06613	-0.11683	0.99095
386.53862	615.16876	1489.81863	7.51249	-3.22127	100.30898	0.33359	-0.17867	0.97673	0.11866	-0.9823	-0.17019	-0.07821	-0.05619	-0.13054	0.98985
372.82501	632.09925	1485.63988	7.50868	-2.39376	103.98803	0.34135	-0.24151	0.96334	0.11679	-0.9695	-0.23435	-0.07177	-0.04177	-0.13056	0.99056
352.07603	655.67703	1483.83051	6.15224	-2.27273	107.37784	0.28581	-0.29844	0.95013	0.0905	-0.95361	-0.2929	-0.06964	-0.03966	-0.10709	0.99346
328.28977	674.5112	1479.46206	5.62748	-2.0469	110.77631	0.30919	-0.35449	0.93171	0.07907	-0.93438	-0.34974	-0.06802	-0.03572	-0.098	0.99455
300.33867	687.60126	1475.33354	5.64145	-1.74585	113.91369	0.30316	-0.40517	0.91094	0.07757	-0.91373	-0.40066	-0.06756	-0.03047	-0.09826	0.99469
269.07466	698.30438	1472.53135	6.48538	-0.80716	117.61703	0.2615	-0.46351	0.88113	0.09359	-0.88598	-0.45918	-0.06476	-0.01409	-0.11294	0.9935
236.19981	713.35177	1476.92506	6.10551	0.24277	121.42004	0.28392	-0.5213	0.84829	0.09296	-0.85336	-0.51874	-0.05185	0.00424	-0.10636	0.99432
200.15476	730.00246	1483.65155	5.30922	0.20188	124.09464	0.26191	-0.56056	0.82438	0.07859	-0.82811	-0.55843	-0.04896	0.00352	-0.09253	0.9957
166.47606	742.57112	1488.35027	4.82521	-0.06731	126.44196	0.35966	-0.59401	0.80167	0.06697	-0.80446	-0.59182	-0.05091	-0.00117	-0.08412	0.99646
138.22394	750.28408	1489.91533	5.54453	-0.06501	128.0416	0.26136	-0.61623	0.78395	0.0754	-0.78756	-0.61326	-0.06043	-0.00113	-0.09662	0.99532
112.6749	756.15463	1490.46461	6.77931	0.25004	129.72783	0.2064	-0.63914	0.76338	0.09356	-0.76908	-0.63507	-0.07211	0.00436	-0.11804	0.993
87.73991	765.59728	1490.57205	7.31314	0.73021	132.05946	0.25309	-0.66985	0.73532	0.10298	-0.74239	-0.66566	-0.07589	0.01274	-0.12728	0.99178
60.58913	779.67111	1489.28027	6.6691	0.68918	135.02577	0.18269	-0.70737	0.70102	0.09053	-0.70674	-0.70363	-0.07371	0.01203	-0.11613	0.99316
33.42952	793.743	1486.9557	5.96033	0.71258	139.05646	0.25301	-0.7553	0.6508	0.07739	-0.65526	-0.75212	-0.07033	0.01244	-0.10383	0.99452
10.18234	804.97048	1484.73035	5.84537	1.28245	143.52757	0.54961	-0.80394	0.58951	0.07844	-0.59429	-0.80132	-0.06866	0.02238	-0.10182	0.99455
-11.74876	811.95092	1483.05387	6.23103	1.6073	147.36177	0.57225	-0.84176	0.53358	0.08202	-0.53912	-0.83876	-0.07636	0.02805	-0.10849	0.9937
-29.62162	813.67319	1477.0573	6.85317	2.2229	151.30244	0.43472	-0.87651	0.4727	0.09108	-0.47982	-0.87312	-0.08618	0.03879	-0.11924	0.99211
-44.75275	812.33791	1464.9382	7.50762	3.66099	154.69685	0.12997	-0.90221	0.4162	0.11308	-0.42654	-0.89987	-0.09107	0.06385	-0.13039	0.9894
-65.72752	812.60928	1455.9254	7.30404	4.40511	158.17247	0.21872	-0.92557	0.35973	0.11799	-0.37072	-0.92441	-0.08969	0.07681	-0.12676	0.98896
-92.80757	814.59115	1451.63192	6.16299	4.39074	162.07851	0.29821	-0.94869	0.29811	0.10546	-0.30681	-0.94851	-0.07873	0.07656	-0.10704	0.9913
-121.72301	813.01492	1447.40759	5.17905	4.17798	165.26324	0.34285	-0.96453	0.24698	0.09313	-0.2537	-0.96483	-0.06884	0.07285	-0.09003	0.99327
-149.57383	804.6597	1442.18516	4.99718	4.73364	168.4881	0.56627	-0.97654	0.19177	0.09794	-0.19889	-0.97759	-0.06895	0.08252	-0.08681	0.9928
-180.95357	794.18406	1437.34666	4.55497	5.1603	171.52055	0.48733	-0.98506	0.13992	0.10039	-0.14686	-0.987	-0.06533	0.08994	-0.07909	0.9928
-219.18554	785.13663	1437.44979	3.77368	4.71755	174.11	0.68491	-0.99135	0.09701	0.08839	-0.10227	-0.99312	-0.05705	0.08224	-0.06559	0.99445
-258.30936	774.89212	1440.03162	3.36554	4.39353	176.10353	1.05981	-0.99476	0.06335	0.08029	-0.06775	-0.99627	-0.05337	0.07661	-0.05853	0.99534
-297.74943	762.3664	1448.78773	3.73728	3.56077	177.45515	1.05564	-0.99709	0.04026	0.06481	-0.04432	-0.99707	-0.06237	0.06211	-0.06506	0.99595
-333.08302	750.19879	1462.8338	4.22325	3.03402	178.72394	1.20908	-0.99835	0.01831	0.05441	-0.02224	-0.99712	-0.07245	0.05293	-0.07354	0.99589
-361.25103	738.72263	1474.73093	4.51834	3.71251	-179.88359	0.51089	-0.9979	-0.00713	0.06439	0.00203	-0.99688	-0.07891	0.06475	-0.07861	0.9948
-385.04753	729.55895	1482.80061	4.69606	4.85864	-177.79315	0.62785	-0.99567	-0.04531	0.0812	0.03837	-0.99564	-0.08506	0.0847	-0.08158	0.99306
-409.97591	722.74912	1487.02738	4.3627	5.33786	-175.18005	0.51144	-0.99214	-0.09083	0.08604	0.08366	-0.99298	-0.08359	0.09303	-0.07574	0.99278
-436.50285	717.84263	1490.38076	3.92579	5.13271	-172.24971	0.25355	-0.98689	-0.14061	0.0792	0.13432	-0.98771	-0.07988	0.08946	-0.06819	0.99365
-457.63808	711.93002	1494.57712	3.755	5.81309	-169.10805	0.31631	-0.97694	-0.19507	0.08687	0.18799	-0.97862	-0.08341	0.10128	-0.06515	0.99272
-476.89864	702.60829	1501.92112	3.5137	5.84102	-165.72772	0.31205	-0.9641	-0.25211	0.08333	0.24525	-0.96578	-0.08444	0.10177	-0.06097	0.99294
-493.407	691.4653	1505.86792	3.03809	5.88856	-162.25987	0.24697	-0.94742	-0.30945	0.08143	0.30309	-0.94945	-0.0817	0.10259	-0.05272	0.99333
-507.24626	678.47716	1506.28762	2.03406	6.59146	-158.81514	0.23232	-0.92626	-0.36495	0.09414	0.35899	-0.93036	-0.07455	0.11479	-0.03526	0.99276
-524.46605	661.79134	1506.26559	1.23858	6.43383	-155.47902	0.31397	-0.90408	-0.41713	0.09295	0.41241	-0.90859	-0.06616	0.11206	-0.02148	0.99347
-544.04649	641.29862	1507.77004	0.75239	6.14383	-152.73944	0.36513	-0.88383	-0.45925	0.08911	0.45541	-0.88821	-0.06069	0.10702	-0.01306	0.99417
-560.70921	616.79309	1509.78015	0.27257	6.83677	-150.48906	0.45062	-0.86407	-0.49308	0.10125	0.48909	-0.86997	-0.06278	0.11904	-0.00472	0.99288
-577.55385	591.21737	1510.08909	-0.83276	7.99885	-148.12144	0.33214	-0.84091	-0.52635	0.12583	0.52298	-0.85015	-0.06114	0.13915	0.01439	0.99017
-602.74306	565.20949	1511.25255	-1.95763	7.64773	-145.42601	0.59425	-0.81607	-0.5634	0.1289	0.56242	-0.82549	-0.04735	0.13308	0.03386	0.99053
-632.06713	538.08746	1513.14438	-2.17745	6.6956	-144.15427	0.7697	-0.80507	-0.58159	0.11669	0.58161	-0.81261	-0.03743	0.11659	0.03774	0.99246
-656.10594	511.91291	1509.23549	-2.20114	6.80882	-143.67059	0.9779	-0.79994	-0.58832	0.1182	0.58825	-0.80773	-0.03924	0.11856	0.03814	0.99221
-679.85835	487.54755	1497.70914	-2.05971	6.54751	-142.36006	0.88282	-0.7867	-0.60706	0.11218	0.60671	-0.79386	-0.04113	0.11403	0.03571	0.99284
-704.26524	461.19021	1486.13103	-1.12946	6.01822	-141.50137	0.69976	-0.77831	-0.62076	0.09431	0.61907	-0.78376	-0.04983	0.10484	0.0196	0.9943
-729.14603	436.83442	1480.30647	-0.8764	5.91203	-139.80923	0.25582	-0.75984	-0.64406	0.08854	0.6419	-0.76483	-0.05478	0.103	0.01521	0.99456
-755.59547	413.89207	1479.64042	-1.19827	6.25477	-137.68826	0.66171	-0.73509	-0.67133	0.09463	0.66916	-0.74087	-0.05786	0.10895	0.02079	0.99383
-782.417	388.76179	1480.05364	-1.14643	7.1953	-135.54958	0.27144	-0.70823	-0.69836	0.10341	0.69478	-0.71547	-0.07341	0.12525	0.01985	0.99193
-809.90952	359.5821	1483.50699	-0.16681	7.4876	-132.92035	0.608	-0.67517	-0.73204	0.09087	0.72606	-0.68126	-0.09344	0.13031	0.00289	0.99147
-832.97835	334.21453	1488.69862	-0.26153	7.75315	-129.46542	0.50406	-0.6298	-0.77161	0.08927	0.76495	-0.63608	-0.10125	0.13491	0.00452	0.99085
-853.50079	308.59539	1495.4518	-0.59911	7.50045	-126.22481	0.4848	-0.5859	-0.80585	0.08557	0.7998	-0.59202	-0.09912	0.13053	0.01037	0.99139
-873.71642	280.44712	1503.78809	-0.27282	6.51461	-123.06015	0.47794	-0.542	-0.83779	0.06588	0.83269	-0.54597	-0.09249	0.11346	0.00473	0.99353
-888.74974	255.93972	1511.32195	-0.76778	5.88576	-120.76725	0.38407	-0.50886	-0.85847	0.06397	0.85472	-0.51269	-0.08125	0.10255	0.01333	0.99464
-893.17902	238.28673	1518.74477	-2.38652	6.53635	-119.10149	0.43756	-0.4832	-0.8707	0.0917	0.86808	-0.49008	-0.07912	0.11383	0.04137	0.99264
-892.01183	222.08432	1524.77837	-4.72331	7.53221	-117.57516	0.47256	-0.45892	-0.8784	0.13346	0.87876	-0.47091	-0.07768	0.13108	0.08163	0.988
-892.25401	198.16497	1527.95646	-6.00189	7.81204	-116.06973	0.34471	-0.43539	-0.88709	0.15333	0.88992	-0.44982	-0.07547	0.13592	0.10359	0.98529
-897.3231	158.49654	1531.58125	-4.87415	6.88908	-114.7948	0.19597	-0.41634	-0.90026	0.12726	0.90126	-0.42711	-0.07286	0.11995	0.08435	0.98919
-905.78093	110.47242	1537.24894	-2.4131	5.39539	-113.34687	0.25731	-0.39454	-0.91574	0.07589	0.91405	-0.39958	-0.06957	0.09403	0.04192	0.99469
-913.22288	70.76833	1542.52905	-1.59918	4.54416	-112.87836	0.51284	-0.38755	-0.92011	0.0565	0.91844	-0.39066	-0.06212	0.07923	0.02782	0.99647
-917.92628	41.3217	1544.83432	-2.2317	4.523	-112.07549	0.15782	-0.37466	-0.92483	0.0657	0.9238	-0.37839	-0.05839	0.07886	0.03882	0.99613
-919.23947	17.02302	1546.5552	-2.72318	5.1132	-111.38667	0.22186	-0.36321	-0.92855	0.0767	0.92744	-0.36819	-0.06557	0.08912	0.04732	0.9949
-921.13617	-5.99309	1551.38358	-3.25485	5.10813	-109.41594	0.28009	-0.3311	-0.93993	0.0831	0.93938	-0.33665	-0.06496	0.08904	0.05655	0.99442
-925.50705	-29.79291	1561.12128	-3.39704	4.64453	-106.30918	0.21703	-0.2799	-0.95673	0.07957	0.95661	-0.28493	-0.06094	0.08097	0.05906	0.99496
-931.2185	-50.814	1572.94872	-4.73347	4.79091	-103.11956	0.14283	-0.22619	-0.96901	0.09926	0.9705	-0.23292	-0.06233	0.08352	0.08223	0.99311
-937.49327	-70.1898	1584.02151	-5.76529	5.08457	-100.30442	0.25251	-0.17817	-0.9773	0.11461	0.98	-0.18673	-0.06879	0.08863	0.10006	0.99103
-942.26659	-93.54589	1595.95284	-6.07004	4.86006	-96.72458	0.46811	-0.11668	-0.9865	0.11488	0.98955	-0.12534	-0.07129	0.08472	0.10536	0.99082
-943.02919	-116.22524	1602.0779	-6.47112	4.44883	-93.24687	0.48852	-0.05647	-0.99154	0.11689	0.99539	-0.06501	-0.07057	0.07757	0.11236	0.99063
-938.71291	-138.5911	1600.37534	-7.1108	4.24023	-90.65734	0.4073	-0.01144	-0.99214	0.12462	0.9972	-0.02054	-0.07194	0.07394	0.12345	0.98959
-931.20173	-167.13116	1593.34558	-6.88629	3.86816	-87.9261	0.37584	0.03611	-0.99243	0.1174	0.99707	0.02784	-0.07127	0.06746	0.11963	0.99052
-920.20321	-201.81886	1583.37823	-6.00873	3.24793	-85.27724	0.35121	0.0822	-0.99162	0.09969	0.995	0.07597	-0.06477	0.05666	0.10451	0.99291
-904.56391	-235.89313	1575.5814	-6.20722	2.60555	-82.59524	0.34702	0.12874	-0.98648	0.1014	0.99064	0.12325	-0.05875	0.04546	0.10801	0.99311
-886.6647	-271.46964	1572.97357	-6.77384	1.92176	-80.08194	0.2205	0.17214	-0.97886	0.11045	0.9845	0.16714	-0.05312	0.03353	0.11788	0.99246
-869.76324	-309.90573	1577.6282	-6.30351	1.23543	-77.24927	0.28004	0.22066	-0.96997	0.10236	0.97511	0.21707	-0.04513	0.02156	0.10977	0.99372
-855.76105	-345.34545	1579.34173	-5.17047	1.14699	-75.48376	0.23468	0.2506	-0.96459	0.08225	0.96788	0.24789	-0.04189	0.02002	0.0901	0.99573
-841.71147	-373.81249	1575.0845	-5.20212	1.51381	-74.188	0.23264	0.27239	-0.95885	0.08007	0.96183	0.26905	-0.05002	0.02642	0.09064	0.99553
-827.6077	-400.16211	1570.27352	-5.05013	2.36487	-73.18707	0.26204	0.289	-0.95459	0.07238	0.95644	0.28465	-0.06481	0.04126	0.08795	0.99527
-817.74268	-426.76277	1566.8741	-4.7156	2.86035	-71.77824	0.2696	0.31231	-0.94792	0.06254	0.94867	0.30774	-0.07295	0.0499	0.08211	0.99537
-813.30543	-456.25525	1565.4106	-4.57576	2.33117	-70.27136	0.2852	0.33729	-0.9394	0.06141	0.94052	0.33344	-0.0651	0.04068	0.07971	0.99599
-810.019	-487.83309	1565.08116	-5.0316	1.65803	-68.54894	0.2893	0.36555	-0.92807	0.07109	0.93034	0.36194	-0.0589	0.02893	0.08767	0.99573
-806.86064	-519.01741	1563.79004	-6.06779	1.4024	-66.31829	0.63166	0.40154	-0.9117	0.08703	0.91552	0.39704	-0.06474	0.02447	0.10567	0.9941
-804.4204	-550.32511	1562.96163	-6.99514	1.46791	-64.84286	0.55197	0.42496	-0.89973	0.09942	0.90485	0.41911	-0.07479	0.02562	0.12175	0.99223
-801.97076	-584.03936	1563.17251	-6.77556	1.79022	-63.17269	0.32568	0.45108	-0.8878	0.09128	0.89194	0.44486	-0.08093	0.03124	0.11792	0.99253
-797.59309	-614.88011	1563.26924	-6.55167	1.97858	-62.38403	0.29025	0.46327	-0.88211	0.0852	0.88555	0.45703	-0.08328	0.03453	0.11403	0.99288
-787.95806	-641.60849	1562.53326	-6.41106	2.0407	-60.91043	0.46928	0.48587	-0.87033	0.08037	0.87331	0.47966	-0.08521	0.03561	0.11159	0.99312
-774.2096	-668.51438	1560.54495	-5.29182	2.00436	-59.33223	0.52437	0.50975	-0.85812	0.06157	0.85961	0.50511	-0.077	0.03498	0.09217	0.99513
-754.8684	-692.63078	1558.09067	-4.13491	1.91666	-58.16617	0.70252	0.52716	-0.84864	0.04366	0.84911	0.52404	-0.06637	0.03345	0.07206	0.99684
-729.3267	-709.47911	1555.60259	-4.53136	1.75925	-56.96864	0.64138	0.54484	-0.83707	0.04955	0.83798	0.54136	-0.06872	0.0307	0.07897	0.9964
-700.78491	-723.48784	1554.5649	-5.41032	0.9947	-55.23911	0.63754	0.57007	-0.81881	0.06761	0.82141	0.56627	-0.06796	0.01736	0.09427	0.9954
-672.27964	-738.66917	1559.0858	-5.36994	0.13727	-53.63218	0.69179	0.59297	-0.80183	0.07394	0.80522	0.59018	-0.05741	0.0024	0.09359	0.99561
-646.4496	-754.59339	1569.95136	-4.99397	-0.46263	-52.56075	0.73391	0.6079	-0.79056	0.07401	0.79397	0.60617	-0.04653	-0.00807	0.08705	0.99617
-623.49274	-769.64982	1583.13693	-4.72075	-0.81694	-51.01432	0.72506	0.62906	-0.77393	0.07291	0.77722	0.6279	-0.04073	-0.01426	0.08229	0.99651
-602.50363	-783.57056	1594.86821	-5.33565	-0.69567	-49.96167	0.73857	0.64325	-0.76157	0.07897	0.76556	0.64138	-0.05057	-0.01214	0.09298	0.99559
-581.72147	-802.16031	1605.29428	-5.55601	-0.12435	-48.68573	0.82808	0.66019	-0.74743	0.07415	0.7511	0.65725	-0.0623	-0.00217	0.09682	0.9953
-560.47424	-828.55917	1615.03736	-4.96005	0.31667	-47.16182	0.88609	0.67992	-0.73086	0.05966	0.73327	0.67703	-0.06283	0.00553	0.08646	0.99624
-539.47499	-859.1215	1621.51402	-4.87645	0.34878	-45.26814	0.94874	0.70378	-0.7082	0.05612	0.7104	0.70087	-0.06414	0.00609	0.08501	0.99636
-518.1493	-888.78158	1622.38334	-6.1322	-0.14997	-43.32798	0.96385	0.72744	-0.68204	0.07519	0.68617	0.72347	-0.07592	-0.00262	0.10682	0.99427
-493.95269	-916.89286	1617.79311	-7.52056	-0.33058	-41.78382	0.74083	0.74565	-0.66003	0.09147	0.66631	0.73975	-0.09378	-0.00577	0.13088	0.99138
-467.17059	-943.49031	1612.30306	-8.23824	-0.78503	-38.85541	0.72082	0.77866	-0.61935	0.10045	0.6273	0.77193	-0.10308	-0.0137	0.14328	0.98959
-440.18851	-969.53584	1610.21891	-8.13324	-1.48259	-36.19778	0.79364	0.80671	-0.58168	0.10422	0.59038	0.80103	-0.09904	-0.02587	0.14143	0.98961
-409.48208	-992.9369	1610.69784	-7.60307	-2.05673	-33.61845	0.81603	0.83221	-0.54484	0.10288	0.5533	0.82805	-0.09048	-0.03589	0.13222	0.99057
-372.27971	-1013.05175	1610.19372	-7.00295	-1.73235	-31.60164	0.82782	0.85132	-0.51696	0.08944	0.52377	0.84729	-0.08812	-0.03023	0.12186	0.99209
-330.23909	-1030.1015	1608.24566	-6.72353	-1.48543	-30.28407	1.04695	0.86325	-0.4982	0.08127	0.50412	0.85913	-0.08812	-0.02592	0.11704	0.99279
-284.36129	-1044.22989	1606.67521	-6.62722	-1.80105	-29.06575	0.90857	0.87363	-0.4794	0.08335	0.48557	0.86998	-0.08571	-0.03143	0.11535	0.99283
-236.51927	-1058.44436	1608.93339	-5.80293	-1.29401	-27.04965	0.75681	0.89039	-0.4504	0.06599	0.45465	0.88709	-0.07983	-0.02258	0.10108	0.99462
-194.85072	-1070.25206	1612.40309	-5.39153	-1.28069	-25.94008	0.60802	0.89903	-0.43361	0.06111	0.43732	0.89619	-0.07476	-0.02235	0.09394	0.99533
-162.2903	-1078.93504	1615.38784	-5.80714	-2.14184	-24.63627	0.53776	0.90834	-0.41128	0.07597	0.41657	0.90588	-0.07647	-0.03737	0.10111	0.99417
-132.62752	-1087.48186	1616.34857	-6.34547	-2.61048	-23.56686	0.47697	0.91564	-0.39276	0.08568	0.3994	0.91299	-0.08321	-0.04555	0.11041	0.99284
-101.29225	-1099.51162	1616.84105	-6.43965	-2.44779	-22.22486	0.32207	0.92486	-0.37142	0.08171	0.3779	0.92168	-0.08777	-0.04271	0.11205	0.99278
-69.2709	-1116.75157	1619.04567	-6.03715	-2.1493	-19.95898	0.13636	0.93928	-0.33575	0.07096	0.34111	0.93607	-0.08613	-0.0375	0.1051	0.99375
-37.45568	-1136.84548	1622.52753	-5.84937	-2.10192	-18.13743	0.14328	0.94967	-0.30612	0.0664	0.31109	0.94653	-0.08549	-0.03668	0.10184	0.99412
-7.38863	-1155.39463	1623.9323	-6.29917	-2.22075	-16.155	0.3276	0.95979	-0.27247	0.06752	0.27803	0.9559	-0.09467	-0.03875	0.10964	0.99322
21.63625	-1171.19502	1626.29293	-6.65833	-2.57045	-13.84393	0.15384	0.96997	-0.23262	0.071	0.23904	0.96565	-0.10192	-0.04485	0.11583	0.99226
51.63875	-1185.46887	1630.18876	-6.3137	-2.44163	-11.48596	0.19388	0.97908	-0.19333	0.06339	0.19895	0.97496	-0.09934	-0.0426	0.10987	0.99303
83.99537	-1195.70175	1632.25671	-5.97742	-2.12797	-9.55025	0.26799	0.98546	-0.1612	0.0537	0.1658	0.98142	-0.09657	-0.03713	0.10406	0.99388
117.07589	-1203.44696	1631.21017	-5.47333	-1.77356	-7.66891	0.30073	0.99058	-0.12991	0.04326	0.13338	0.98693	-0.09042	-0.03095	0.09534	0.99496
151.04615	-1208.25187	1628.97852	-4.95125	-1.81154	-5.88176	0.361	0.99424	-0.09938	0.04017	0.10242	0.9913	-0.08263	-0.03161	0.08626	0.99577
188.74367	-1208.65758	1627.45246	-5.02802	-2.55936	-4.40119	0.3973	0.99606	-0.07254	0.05108	0.07666	0.99351	-0.08397	-0.04465	0.08756	0.99516
234.72941	-1208.20853	1627.74922	-4.97112	-2.79093	-2.96249	0.43153	0.99748	-0.04727	0.05292	0.05162	0.99513	-0.08403	-0.04869	0.08655	0.99506
282.18533	-1208.76072	1630.5089	-4.89941	-3.14882	-1.77821	0.42709	0.99801	-0.02623	0.05735	0.03098	0.99601	-0.08367	-0.05493	0.08528	0.99484
327.7919	-1209.56316	1636.91757	-4.90271	-3.54012	-1.16371	0.45155	0.99789	-0.01496	0.06324	0.02027	0.99624	-0.0842	-0.06175	0.0853	0.99444
372.97484	-1212.17151	1642.81128	-4.93528	-3.13794	-0.11162	0.57603	0.9985	0.00277	0.0547	0.00195	0.9963	-0.08592	-0.05474	0.0859	0.9948
413.0396	-1216.19111	1647.23662	-4.87772	-3.20586	0.62756	0.62141	0.99838	0.01567	0.05479	-0.01094	0.99627	-0.08563	-0.05592	0.0849	0.99482
450.65043	-1218.32133	1650.12621	-5.37532	-3.55671	1.61878	0.6099	0.99768	0.03393	0.05909	-0.02819	0.99504	-0.09539	-0.06204	0.0935	0.99368
491.48348	-1222.36564	1653.3609	-5.65079	-3.54631	3.92195	0.5699	0.99575	0.07414	0.05468	-0.06827	0.99239	-0.10244	-0.06186	0.09828	0.99323
534.08712	-1229.77245	1654.76937	-5.49748	-4.05674	6.5745	0.70045	0.99093	0.1207	0.05899	-0.11421	0.98808	-0.10323	-0.07074	0.09556	0.99291
574.66529	-1238.51281	1655.88726	-5.57119	-5.92946	9.17375	0.27996	0.98193	0.16858	0.08602	-0.15858	0.98095	-0.11223	-0.1033	0.09656	0.98995
615.39829	-1244.59733	1659.52843	-5.89643	-7.30662	11.13846	0.40076	0.9732	0.20498	0.10428	-0.19161	0.97345	-0.12523	-0.12718	0.1019	0.98663
656.14346	-1248.03105	1663.00081	-5.69592	-7.54596	13.51858	0.27076	0.96387	0.24528	0.10385	-0.23174	0.96445	-0.12705	-0.13132	0.09839	0.98645
693.77855	-1248.43514	1665.15725	-5.13134	-7.6712	15.23984	0.17409	0.9562	0.27333	0.10477	-0.26051	0.95783	-0.12124	-0.13349	0.08864	0.98708
730.09333	-1242.97646	1664.71556	-4.58986	-7.24358	17.05855	0.18162	0.94838	0.30205	0.09668	-0.29101	0.94998	-0.11337	-0.12609	0.07938	0.98884
763.31123	-1230.74345	1662.80812	-4.31499	-7.62842	18.6697	0.24515	0.939	0.32867	0.10132	-0.31728	0.9415	-0.11365	-0.13275	0.07457	0.98834
796.60549	-1214.67305	1660.75515	-3.82839	-8.32022	20.06923	0.44479	0.92939	0.35146	0.1127	-0.33954	0.93387	-0.11226	-0.14471	0.06607	0.98727
831.71598	-1195.79074	1658.3039	-2.92899	-9.0652	21.93582	0.46658	0.91602	0.38055	0.12687	-0.3689	0.92338	-0.10618	-0.15756	0.05046	0.98622
871.0251	-1171.64574	1660.49157	-2.31419	-9.11567	23.7051	0.4736	0.90406	0.40756	0.12871	-0.39695	0.91231	-0.10061	-0.15843	0.03987	0.98657
913.47143	-1145.89426	1664.7962	-2.65327	-8.92561	24.70808	0.48345	0.89745	0.42407	0.12145	-0.41293	0.90447	-0.10684	-0.15515	0.04573	0.98683
954.14568	-1125.04649	1668.10873	-2.31242	-8.56234	26.76489	0.54533	0.88291	0.45533	0.11466	-0.44531	0.88943	-0.10302	-0.14889	0.0399	0.98805
992.46252	-1106.75392	1670.93266	-2.23491	-8.04717	28.35276	0.62299	0.87137	0.47934	0.10458	-0.47022	0.87678	-0.10075	-0.13999	0.03861	0.9894
1027.41352	-1088.59464	1673.17488	-2.65189	-7.6137	30.11682	0.55428	0.85738	0.50653	0.09127	-0.49734	0.861	-0.10643	-0.13249	0.04586	0.99012
1062.41286	-1073.40252	1674.78401	-2.48348	-7.54874	32.95651	0.7006	0.83181	0.54827	0.08655	-0.53929	0.8352	-0.10776	-0.13137	0.04296	0.9904
1098.26845	-1060.03234	1674.53591	-2.15994	-8.09538	35.66241	0.78751	0.80437	0.58691	0.09236	-0.5772	0.80879	-0.11266	-0.14082	0.03731	0.98933
1135.30775	-1045.41673	1674.42958	-2.19177	-8.97439	38.10899	0.72447	0.77721	0.6214	0.09905	-0.6096	0.78258	-0.12629	-0.15599	0.03778	0.98704
1174.97655	-1026.8474	1681.00713	-2.18244	-8.17216	42.08215	0.36676	0.73465	0.67373	0.0799	-0.66339	0.73802	-0.12346	-0.14215	0.03769	0.98913
1209.63592	-1009.1175	1683.51002	-1.82055	-7.52758	45.63179	0.66153	0.69324	0.71741	0.06885	-0.7087	0.69594	-0.11582	-0.131	0.0315	0.99088
1234.00692	-991.2072	1681.54346	-1.10665	-7.66927	47.47694	0.70509	0.66984	0.73861	0.07595	-0.73041	0.67386	-0.11139	-0.13345	0.01914	0.99087
1253.42137	-969.76389	1680.41951	-0.71252	-7.50417	50.26141	0.2043	0.63381	0.76995	0.07392	-0.76238	0.63799	-0.10837	-0.1306	0.01233	0.99136
1272.91661	-942.30882	1678.46753	-0.40958	-7.28348	52.6447	0.27446	0.60186	0.79542	0.07124	-0.78847	0.60602	-0.10511	-0.12678	0.00709	0.99191
1291.92943	-906.41935	1675.63459	-0.52392	-7.00421	54.80193	0.25503	0.5721	0.81777	0.06281	-0.81107	0.57547	-0.10491	-0.12194	0.00908	0.9925
1309.86323	-864.82424	1672.53113	-0.33354	-7.02396	56.56783	0.21181	0.54681	0.83492	0.06251	-0.82828	0.55035	-0.10526	-0.12228	0.00578	0.99248
1327.2373	-819.70628	1669.89278	0.22291	-7.17366	58.55993	0.19365	0.51752	0.85293	0.06846	-0.84651	0.52202	-0.10451	-0.12488	-0.00386	0.99216
1343.24479	-773.26557	1669.90807	0.28669	-7.15851	59.98054	0.2499	0.49639	0.86553	0.06668	-0.85911	0.50083	-0.10539	-0.12461	-0.00496	0.99219
1358.7579	-728.60259	1675.87874	0.62386	-7.32653	61.62624	0.29555	0.47134	0.87915	0.07018	-0.87268	0.47641	-0.10702	-0.12752	-0.0108	0.99178
1375.97387	-685.29369	1688.47967	1.02194	-7.07571	63.83984	0.41082	0.43752	0.89645	0.07031	-0.89073	0.44278	-0.10268	-0.12318	-0.0177	0.99223
1393.50097	-641.48677	1701.43416	0.53341	-6.77237	65.12321	0.46567	0.41773	0.90671	0.05805	-0.90088	0.42165	-0.10306	-0.11793	-0.00924	0.99298
1409.74399	-600.00541	1710.05587	0.58417	-6.98587	66.56309	0.5133	0.39479	0.91696	0.05773	-0.91069	0.39886	-0.10753	-0.12162	-0.01012	0.99252
1426.42	-563.94332	1719.49896	1.13486	-7.26615	69.29724	0.35476	0.35068	0.93436	0.06323	-0.92791	0.35579	-0.11129	-0.12648	-0.01965	0.99177
1442.26661	-532.43815	1731.5699	3.46362	-7.60057	72.02742	0.49997	0.30585	0.947	0.0982	-0.94285	0.3156	-0.10694	-0.13227	-0.05988	0.9894
1453.09183	-498.78754	1744.13124	4.59838	-8.14861	74.44926	0.7669	0.26539	0.95725	0.11511	-0.95367	0.27818	-0.11462	-0.14174	-0.07936	0.98672
1457.64585	-463.91687	1756.89244	5.30404	-8.49931	77.6503	0.64728	0.21153	0.96976	0.12178	-0.96613	0.22631	-0.12399	-0.1478	-0.09143	0.98478
1458.00529	-431.06256	1765.31181	6.38054	-8.95198	79.98351	0.53936	0.17181	0.97565	0.13633	-0.97276	0.18988	-0.13296	-0.15561	-0.10978	0.9817
1454.96746	-400.56467	1767.82066	7.56482	-8.71296	82.04531	0.41467	0.13679	0.979	0.15116	-0.97895	0.15694	-0.1305	-0.15148	-0.13013	0.97986
1447.2876	-369.1952	1767.573	8.80853	-8.75764	84.05357	0.36129	0.10239	0.98047	0.1679	-0.98302	0.12557	-0.13379	-0.15226	-0.15135	0.97668
1436.35152	-334.59113	1767.1661	9.77003	-8.80467	84.52768	0.3846	0.09424	0.97853	0.18331	-0.98371	0.11984	-0.13398	-0.15307	-0.16769	0.97388
1425.91267	-295.34079	1770.93014	9.60977	-8.75126	85.21108	0.39462	0.08251	0.98041	0.17888	-0.98491	0.10762	-0.13555	-0.15215	-0.16499	0.97449
1420.82076	-253.31804	1777.02512	8.58323	-7.90853	86.04947	0.38599	0.06824	0.98504	0.15826	-0.98814	0.08861	-0.12545	-0.13759	-0.14783	0.9794
1419.7714	-212.11102	1785.88249	7.72527	-7.13996	85.77944	0.35999	0.07303	0.98701	0.14312	-0.98955	0.08959	-0.11294	-0.12429	-0.13338	0.98324
1421.08209	-172.4327	1794.82349	6.63191	-6.38666	86.53979	0.39485	0.05998	0.99072	0.12195	-0.99198	0.07277	-0.10332	-0.11124	-0.11477	0.98714
1422.25052	-131.3127	1800.63162	4.37941	-6.25444	87.28783	0.35425	0.04704	0.99557	0.08142	-0.99293	0.05549	-0.10489	-0.10894	-0.07591	0.99115
1424.59953	-89.29904	1802.61492	2.02134	-6.46005	87.29801	0.48807	0.04684	0.99808	0.04053	-0.99255	0.05108	-0.11065	-0.11251	-0.03505	0.99303
1430.05652	-48.34733	1802.89251	0.71198	-6.46146	87.4749	0.60319	0.04378	0.99889	0.01737	-0.99268	0.04545	-0.11187	-0.11253	-0.01235	0.99357
1439.1567	-8.54793	1805.97958	0.95678	-6.5624	87.87048	0.58224	0.03692	0.9991	0.02093	-0.99276	0.03906	-0.11357	-0.11429	-0.01659	0.99331
1450.55341	33.33457	1811.10744	0.55611	-6.42148	89.08667	0.49399	0.01584	0.99981	0.01149	-0.9936	0.01702	-0.11167	-0.11184	-0.00964	0.99368
1461.45955	74.32819	1813.12875	0.14832	-6.10258	90.12352	0.55976	-0.00214	0.99999	0.00236	-0.99433	-0.00188	-0.10631	-0.10631	-0.00257	0.99433
1469.97745	112.26536	1813.10454	-0.23957	-5.59496	90.98391	0.48575	-0.01709	0.99984	-0.00585	-0.99509	-0.01758	-0.09741	-0.0975	0.00416	0.99523
