12.72834	-5.07272	309.41878	-0.00177	-0.00594	-0.00126	0.01856	1	-2E-05	0.0001	2E-05	1	-3E-05	-0.0001	3E-05	1
12.70874	-5.07486	309.41376	-0.00237	0.00251	0.00671	0.03399	1	0.00012	-4E-05	-0.00012	1	-4E-05	4E-05	4E-05	1
12.73327	-5.07053	309.40914	-0.00413	-0.00689	0.00042	0.02415	1	1E-05	0.00012	-1E-05	1	-7E-05	-0.00012	7E-05	1
12.72587	-5.11264	309.37763	0.00261	-0.00767	0.00228	0.05371	1	4E-05	0.00013	-4E-05	1	5E-05	-0.00013	-5E-05	1
12.70603	-5.11346	309.37193	0.00722	-0.00603	0.00206	0.08066	1	4E-05	0.00011	-4E-05	1	0.00013	-0.00011	-0.00013	1
12.70758	-5.10826	309.36207	0.00744	-0.00498	0.00457	0.07882	1	8E-05	9E-05	-8E-05	1	0.00013	-9E-05	-0.00013	1
12.72539	-5.1201	309.35595	0.00791	-0.00547	-0.00093	0.08927	1	-2E-05	0.0001	2E-05	1	0.00014	-0.0001	-0.00014	1
12.49276	-4.9604	309.3062	0.00972	-0.01017	0.02685	0.13874	1	0.00047	0.00018	-0.00047	1	0.00017	-0.00018	-0.00017	1
12.50065	-4.93107	309.29975	0.01078	-0.01029	0.029	0.1395	1	0.00051	0.00018	-0.00051	1	0.00019	-0.00018	-0.00019	1
12.47966	-4.92183	309.29237	0.01111	-0.00513	0.03189	0.14503	1	0.00056	9E-05	-0.00056	1	0.00019	-9E-05	-0.00019	1
12.41343	-5.00755	309.20363	0.01618	0.00868	0.02127	0.11248	1	0.00037	-0.00015	-0.00037	1	0.00028	0.00015	-0.00028	1
12.40785	-5.00983	309.21225	0.01534	0.01645	0.02284	0.1123	1	0.0004	-0.00029	-0.0004	1	0.00027	0.00029	-0.00027	1
12.39858	-5.00128	309.20702	0.01588	0.0107	0.02074	0.09816	1	0.00036	-0.00019	-0.00036	1	0.00028	0.00019	-0.00028	1
12.36756	-4.97077	309.16567	0.02776	0.0215	0.01477	0.12719	1	0.00026	-0.00038	-0.00026	1	0.00048	0.00038	-0.00048	1
12.38072	-5.02596	309.19793	0.01541	0.01384	0.01755	0.08831	1	0.00031	-0.00024	-0.00031	1	0.00027	0.00024	-0.00027	1
12.35705	-4.96917	309.18324	0.01287	0.02157	0.0344	0.15003	1	0.0006	-0.00038	-0.0006	1	0.00022	0.00038	-0.00022	1
12.38952	-4.99875	309.18815	0.0243	0.01077	0.0258	0.11578	1	0.00045	-0.00019	-0.00045	1	0.00042	0.00019	-0.00042	1
12.39308	-4.97209	309.16036	0.01437	0.0151	0.02266	0.11164	1	0.0004	-0.00026	-0.0004	1	0.00025	0.00026	-0.00025	1
12.3752	-4.99839	309.18032	0.01614	0.01339	0.02074	0.11544	1	0.00036	-0.00023	-0.00036	1	0.00028	0.00023	-0.00028	1
12.39148	-5.01485	309.16919	0.01712	0.00959	0.02244	0.11345	1	0.00039	-0.00017	-0.00039	1	0.0003	0.00017	-0.0003	1
12.37695	-4.99086	309.16588	0.01632	0.01252	0.02114	0.1242	1	0.00037	-0.00022	-0.00037	1	0.00028	0.00022	-0.00028	1
12.36501	-5.00437	309.15774	0.01473	0.0137	0.02678	0.11643	1	0.00047	-0.00024	-0.00047	1	0.00026	0.00024	-0.00026	1
12.36941	-5.00191	309.17516	0.01833	0.00949	0.02404	0.12772	1	0.00042	-0.00017	-0.00042	1	0.00032	0.00017	-0.00032	1
12.31755	-4.92668	309.19985	0.02297	0.00626	0.01119	0.19988	1	0.0002	-0.00011	-0.0002	1	0.0004	0.00011	-0.0004	1
12.31742	-4.9009	309.20824	0.02539	0.01357	0.01474	0.19264	1	0.00026	-0.00024	-0.00026	1	0.00044	0.00024	-0.00044	1
12.37142	-4.98199	309.16076	0.01908	0.01605	0.0277	0.11194	1	0.00048	-0.00028	-0.00048	1	0.00033	0.00028	-0.00033	1
12.36384	-4.98294	309.15508	0.02548	0.01244	0.02632	0.10442	1	0.00046	-0.00022	-0.00046	1	0.00044	0.00022	-0.00044	1
12.39232	-4.979	309.15618	0.02469	0.0169	0.02719	0.1051	1	0.00047	-0.00029	-0.00047	1	0.00043	0.0003	-0.00043	1
12.37133	-4.98176	309.15551	0.02107	0.01171	0.02183	0.12174	1	0.00038	-0.0002	-0.00038	1	0.00037	0.0002	-0.00037	1
12.37869	-4.95723	309.16558	0.01392	0.01091	0.02701	0.10997	1	0.00047	-0.00019	-0.00047	1	0.00024	0.00019	-0.00024	1
12.3721	-4.99619	309.15767	0.02093	0.0139	0.02673	0.13628	1	0.00047	-0.00024	-0.00047	1	0.00037	0.00024	-0.00037	1
12.40472	-4.95524	309.15676	0.01334	0.02364	0.02883	0.14833	1	0.0005	-0.00041	-0.0005	1	0.00023	0.00041	-0.00023	1
12.39291	-4.95577	309.15747	0.01744	0.01577	0.02286	0.16167	1	0.0004	-0.00028	-0.0004	1	0.0003	0.00028	-0.0003	1
12.32033	-5.00542	309.1442	0.00395	0.01889	0.03715	0.11752	1	0.00065	-0.00033	-0.00065	1	7E-05	0.00033	-7E-05	1
12.33849	-4.96985	309.18751	0.00708	0.02265	0.03909	0.10623	1	0.00068	-0.0004	-0.00068	1	0.00012	0.0004	-0.00012	1
12.3102	-4.99866	309.17665	0.01247	0.01661	0.03176	0.09753	1	0.00055	-0.00029	-0.00055	1	0.00022	0.00029	-0.00022	1
12.30868	-5.01044	309.18045	-0.00076	0.01777	0.03626	0.10865	1	0.00063	-0.00031	-0.00063	1	-1E-05	0.00031	1E-05	1
12.28349	-5.06895	309.17866	-0.00944	0.02244	0.03163	0.17473	1	0.00055	-0.00039	-0.00055	1	-0.00016	0.00039	0.00016	1
12.31355	-5.04425	309.16957	-0.00112	0.02759	0.02968	0.16924	1	0.00052	-0.00048	-0.00052	1	-2E-05	0.00048	2E-05	1
12.29084	-5.06529	309.17666	-0.00375	0.02416	0.03883	0.17501	1	0.00068	-0.00042	-0.00068	1	-7E-05	0.00042	7E-05	1
12.21418	-5.03546	309.14801	0.01125	0.03434	0.04025	0.18085	1	0.0007	-0.0006	-0.0007	1	0.0002	0.0006	-0.0002	1
12.39879	-5.01508	309.172	-0.00777	0.04939	0.04234	0.17089	1	0.00074	-0.00086	-0.00074	1	-0.00014	0.00086	0.00014	1
12.18665	-5.07918	309.14907	-0.00477	0.00197	0.02444	0.168	1	0.00043	-3E-05	-0.00043	1	-8E-05	3E-05	8E-05	1
12.39063	-5.01256	309.20369	-0.01724	0.03649	0.01456	0.15535	1	0.00025	-0.00064	-0.00025	1	-0.0003	0.00064	0.0003	1
12.21598	-5.06678	309.29938	-0.00583	0.01352	0.0522	0.16625	1	0.00091	-0.00024	-0.00091	1	-0.0001	0.00024	0.0001	1
11.89312	-5.29035	309.39794	0.02721	-0.03831	0.08467	0.16392	1	0.00148	0.00067	-0.00148	1	0.00047	-0.00067	-0.00047	1
11.60751	-5.47135	309.42169	0.04927	-0.09681	0.13477	0.16231	1	0.00235	0.00169	-0.00235	1	0.00086	-0.00169	-0.00086	1
12.22391	-5.27952	309.56326	0.03782	0.02533	0.21757	0.16303	0.99999	0.0038	-0.00044	-0.0038	0.99999	0.00066	0.00044	-0.00066	1
11.63067	-5.02201	309.54855	0.09671	-0.07067	0.27637	0.15115	0.99999	0.00482	0.00124	-0.00482	0.99999	0.00168	-0.00123	-0.00169	1
10.947	-5.49593	309.68207	0.1684	-0.19696	0.31806	0.17397	0.99998	0.00554	0.00345	-0.00555	0.99998	0.00292	-0.00344	-0.00294	0.99999
11.15324	-6.15801	309.55797	0.13037	-0.05908	0.33419	0.1564	0.99998	0.00583	0.00104	-0.00583	0.99998	0.00227	-0.00103	-0.00228	1
10.36371	-6.65877	309.54754	0.15612	-0.16799	0.28361	0.16483	0.99998	0.00494	0.00295	-0.00495	0.99998	0.00271	-0.00293	-0.00272	0.99999
10.35806	-6.92828	309.978	0.09924	0.1155	-0.11507	0.15497	1	-0.002	-0.00202	0.00201	1	0.00173	0.00202	-0.00173	1
11.38764	-6.98387	311.54908	0.21334	0.83891	-0.2473	0.17656	0.99988	-0.00426	-0.01466	0.00432	0.99998	0.00366	0.01464	-0.00372	0.99989
12.3662	-6.48935	313.45662	0.30039	1.20173	-0.14736	0.16581	0.99978	-0.00246	-0.02099	0.00257	0.99998	0.00519	0.02097	-0.00524	0.99977
12.52088	-6.70897	319.25521	0.78928	0.7592	-0.30035	0.18223	0.9999	-0.00506	-0.01332	0.00524	0.99989	0.01371	0.01325	-0.01377	0.99982
12.53584	-7.37541	329.61334	1.11451	0.0342	-0.45011	0.24349	0.99997	-0.00784	-0.00075	0.00786	0.99978	0.01945	0.0006	-0.01945	0.99981
14.35335	-8.79002	341.60932	1.25098	0.02278	-0.22897	0.25134	0.99999	-0.00399	-0.00048	0.004	0.99975	0.02183	0.0004	-0.02183	0.99976
17.70691	-9.89237	353.95899	1.26052	0.29962	-0.19502	0.1748	0.99998	-0.00329	-0.0053	0.0034	0.99975	0.02198	0.00523	-0.022	0.99974
22.55967	-9.47852	364.85836	1.01486	1.04838	-0.26119	0.17781	0.99982	-0.00423	-0.01837	0.00456	0.99983	0.01763	0.0183	-0.01771	0.99968
28.91504	-7.56014	375.60443	0.48697	2.0041	-0.62075	0.19884	0.99933	-0.01054	-0.03506	0.01083	0.99991	0.00812	0.03497	-0.00849	0.99935
36.44506	-4.5612	386.82973	-0.44759	3.1464	-0.7896	0.25804	0.9984	-0.01421	-0.05477	0.01376	0.99987	-0.00857	0.05489	0.0078	0.99846
43.62564	-0.30115	398.70286	-1.61543	3.9337	-0.61242	0.25685	0.99759	-0.01262	-0.06827	0.01066	0.99952	-0.02892	0.0686	0.02812	0.99725
49.39425	4.0639	412.0411	-2.33536	4.09327	-0.39064	0.26453	0.99743	-0.00972	-0.07104	0.0068	0.99913	-0.04123	0.07138	0.04064	0.99662
52.99352	7.13809	428.67968	-2.00355	3.85287	-0.12661	0.30926	0.99774	-0.00456	-0.06708	0.0022	0.99938	-0.03511	0.06719	0.03488	0.99713
53.4681	7.20354	446.19556	-0.39959	2.93923	0.44659	0.32313	0.99865	0.00744	-0.05133	-0.00778	0.99995	-0.00657	0.05128	0.00696	0.99866
51.62678	4.64403	463.98282	1.53243	2.07641	0.3929	0.48906	0.99932	0.00782	-0.03604	-0.00685	0.99961	0.02699	0.03623	-0.02673	0.99899
49.14624	0.0236	483.04439	3.15184	1.66546	0.27853	0.45227	0.99957	0.00645	-0.02875	-0.00486	0.99847	0.05512	0.02906	-0.05496	0.99807
46.71356	-6.06744	503.87004	4.35097	1.75938	0.67316	0.31108	0.99946	0.01404	-0.02972	-0.01174	0.99702	0.07622	0.0307	-0.07583	0.99665
44.76575	-11.26477	527.55176	4.80818	2.261	1.01175	0.33515	0.99907	0.0209	-0.03783	-0.01764	0.99627	0.0845	0.03945	-0.08375	0.99571
42.55207	-14.18264	555.0716	4.64259	2.13245	0.64195	0.35126	0.99924	0.01418	-0.03618	-0.0112	0.99662	0.08135	0.03721	-0.08088	0.99603
40.2944	-15.32317	585.70451	4.17087	2.38421	-0.2272	0.4131	0.99913	-0.00093	-0.04178	0.00396	0.99736	0.07257	0.0416	-0.07267	0.99649
39.64916	-14.45223	617.51688	3.44883	3.40483	-0.66972	0.37313	0.99817	-0.00809	-0.05998	0.01167	0.99816	0.05946	0.05939	-0.06005	0.99643
40.68015	-11.75477	647.68648	2.37665	5.02202	-1.11412	0.4225	0.99597	-0.0158	-0.08825	0.01937	0.99902	0.03976	0.08754	-0.04131	0.9953
41.36036	-8.14203	675.88033	2.02705	6.06861	-1.71849	0.52212	0.99395	-0.02623	-0.10667	0.02982	0.99904	0.03219	0.10572	-0.03517	0.99377
40.49949	-2.71804	704.47838	1.55226	6.47094	-2.01631	0.37308	0.99301	-0.03212	-0.11354	0.03496	0.99912	0.02311	0.1127	-0.02692	0.99326
37.60967	4.3303	734.60373	0.61618	6.44567	-2.26849	0.36736	0.9929	-0.03837	-0.11259	0.03933	0.99921	0.0063	0.11226	-0.01069	0.99362
33.39192	12.64049	764.99931	-0.69554	6.43174	-3.21899	0.36482	0.99214	-0.05751	-0.11115	0.0558	0.99827	-0.01841	0.11202	0.01206	0.99363
28.13133	23.24351	794.6282	-2.70671	6.50458	-4.17617	0.3917	0.99092	-0.07808	-0.10942	0.07235	0.99584	-0.05534	0.11328	0.04692	0.99245
19.24484	34.10171	823.92547	-4.56053	5.46885	-4.70446	0.36238	0.99209	-0.08931	-0.08816	0.08164	0.99285	-0.08704	0.0953	0.07915	0.9923
7.50977	44.06091	855.41501	-6.18236	3.89868	-5.1418	0.4537	0.99367	-0.09639	-0.05767	0.08941	0.98953	-0.11332	0.06799	0.10744	0.99188
-3.48501	51.23418	890.50858	-6.30729	2.83381	-5.72062	0.40102	0.9938	-0.10448	-0.03794	0.09956	0.98846	-0.11421	0.04944	0.10973	0.99273
-13.51264	54.14536	927.8392	-4.97048	2.11211	-5.52437	0.30716	0.99468	-0.09909	-0.0282	0.0962	0.9913	-0.08977	0.03685	0.08658	0.99556
-23.80967	54.54653	967.0463	-3.70057	1.82762	-4.22073	0.63963	0.99678	-0.0755	-0.02699	0.07356	0.99506	-0.06671	0.03189	0.06451	0.99741
-36.06116	53.06255	1011.68521	-2.43173	0.96995	-3.08006	0.47427	0.99841	-0.0544	-0.01461	0.05372	0.99762	-0.04328	0.01693	0.04242	0.99896
-50.78028	47.59642	1061.71295	-0.8471	-0.71637	-2.45446	0.28357	0.999	-0.04264	0.01312	0.04282	0.99898	-0.01424	-0.0125	0.01478	0.99981
-66.19369	39.07434	1116.53081	0.73447	-1.76839	-1.36671	0.32504	0.99924	-0.02424	0.03054	0.02384	0.99962	0.01355	-0.03086	-0.01281	0.99944
-80.30433	31.37084	1176.82012	1.63565	-1.29458	-0.06335	0.45878	0.99974	-0.00175	0.02255	0.00111	0.99959	0.02857	-0.02259	-0.02854	0.99934
-93.79718	25.60666	1239.51168	2.02543	-1.56971	0.30204	0.35541	0.99961	0.0043	0.02756	-0.00527	0.99937	0.0352	-0.02739	-0.03533	0.999
-105.36557	22.54985	1299.20145	1.74082	-2.45809	-0.27646	0.56629	0.99907	-0.00613	0.04272	0.00482	0.99952	0.03058	-0.04289	-0.03035	0.99862
-112.45392	20.93204	1353.87259	1.28038	-1.64054	-1.00228	0.66676	0.99944	-0.01813	0.02823	0.01749	0.99959	0.02284	-0.02863	-0.02234	0.99934
-115.12234	19.96647	1400.66687	1.47497	-0.70328	-0.34848	0.85652	0.99991	-0.0064	0.01211	0.00608	0.99965	0.02581	-0.01227	-0.02574	0.99959
-112.17751	19.99734	1440.03096	2.18073	1.56818	1.23418	1.00802	0.99939	0.02256	-0.02652	-0.02153	0.99902	0.03863	0.02737	-0.03804	0.9989
-105.49016	20.32623	1474.675	2.89677	3.49434	2.64319	0.84133	0.99708	0.04913	-0.05848	-0.04603	0.99752	0.05329	0.06095	-0.05044	0.99687
-100.97054	20.04057	1504.99396	2.87431	3.1994	2.90428	0.84079	0.99716	0.0534	-0.05313	-0.05059	0.99732	0.0529	0.05581	-0.05007	0.99719
-99.6227	20.84706	1536.34328	2.70963	2.59484	1.91252	1.02864	0.99842	0.03548	-0.04362	-0.03334	0.99825	0.04876	0.04527	-0.04723	0.99786
-98.60171	20.23016	1572.90738	3.63695	1.77869	1.71908	1.2191	0.99907	0.03191	-0.02906	-0.02998	0.99748	0.06433	0.03104	-0.0634	0.99751
-96.24686	15.70888	1612.17234	5.23448	1.13573	2.13417	0.55572	0.99911	0.03889	-0.01633	-0.03723	0.99507	0.0919	0.01982	-0.09121	0.99563
-95.0916	10.62606	1651.24814	6.32627	0.20527	2.6237	0.45006	0.99895	0.04589	0.00149	-0.04578	0.99285	0.11024	0.00358	-0.11019	0.9939
-95.4307	9.06583	1684.63562	5.77096	-0.1267	3.10008	0.37931	0.99853	0.05358	0.00763	-0.05408	0.99349	0.10029	-0.00221	-0.10055	0.99493
-94.7008	8.23658	1707.72269	4.66666	-0.42227	2.75058	0.5668	0.99882	0.04723	0.01124	-0.04799	0.99557	0.08091	-0.00737	-0.08136	0.99666
-88.97178	7.1801	1721.46071	3.01459	-1.62412	1.67801	0.56934	0.99917	0.02775	0.02983	-0.02927	0.99823	0.05174	-0.02834	-0.05257	0.99822
-73.94807	3.44516	1732.26335	2.01478	-1.90739	0.77249	0.75255	0.99936	0.0123	0.03373	-0.01347	0.99931	0.03471	-0.03328	-0.03514	0.99883
-52.11837	-2.16478	1745.70442	1.76513	-2.08243	0.44675	0.68458	0.99931	0.00667	0.03656	-0.00779	0.9995	0.03052	-0.03634	-0.03078	0.99887
-24.78133	-8.32613	1761.70598	2.5481	-1.37776	1.24885	0.90475	0.99947	0.0207	0.02498	-0.02179	0.9988	0.04392	-0.02404	-0.04445	0.99872
3.96859	-13.11781	1772.20131	3.26515	-1.38413	2.15696	0.75378	0.999	0.0362	0.02624	-0.03763	0.99772	0.05601	-0.02416	-0.05694	0.99809
35.7256	-14.98001	1774.91806	3.89312	-1.57591	2.42478	0.68842	0.99873	0.04034	0.03029	-0.04229	0.99688	0.06667	-0.0275	-0.06787	0.99732
72.16501	-14.34496	1775.71448	4.15275	-1.64356	2.13664	0.65128	0.99889	0.03511	0.03129	-0.03727	0.99676	0.0713	-0.02868	-0.07239	0.99696
112.28413	-10.14391	1777.00978	4.1268	-1.32477	1.60243	0.72483	0.99934	0.02623	0.02506	-0.02796	0.99706	0.07129	-0.02312	-0.07194	0.99714
153.99822	-4.07741	1780.3528	3.98449	-1.5584	1.22199	0.65628	0.9994	0.01939	0.02861	-0.02132	0.9974	0.06889	-0.0272	-0.06946	0.99721
197.13148	0.79711	1786.71049	4.17769	-0.70646	0.84621	0.53698	0.99981	0.01383	0.01337	-0.01477	0.99725	0.07266	-0.01233	-0.07284	0.99727
239.26586	3.08459	1791.42304	4.6127	0.08394	0.67013	0.62579	0.99993	0.01178	-0.00052	-0.0117	0.99669	0.08043	0.00147	-0.08042	0.99676
279.80893	2.97698	1792.64129	5.08248	0.08172	0.97389	0.80091	0.99985	0.01706	9E-05	-0.017	0.99592	0.0886	0.00143	-0.08859	0.99607
322.11192	1.74632	1791.51087	4.81578	0.71015	0.80723	0.76329	0.99982	0.01508	-0.01117	-0.01409	0.99636	0.08412	0.01239	-0.08395	0.99639
367.26878	-0.34729	1789.25137	4.11834	1.55002	0.03081	0.74758	0.99963	0.00248	-0.02694	-0.00054	0.99742	0.07183	0.02705	-0.07179	0.99705
415.09197	-2.64403	1788.90745	3.16984	2.16284	-0.74304	0.50564	0.9992	-0.01086	-0.0384	0.01296	0.99841	0.0548	0.03774	-0.05526	0.99776
465.58569	-6.22443	1791.59252	2.21415	3.04089	-1.41367	0.29616	0.99829	-0.0226	-0.05395	0.02464	0.999	0.03732	0.05305	-0.03858	0.99785
516.80458	-10.44784	1796.54006	1.48578	3.16506	-2.05286	0.35689	0.99783	-0.03438	-0.05609	0.03577	0.99907	0.02394	0.05521	-0.02589	0.99814
566.93681	-12.86493	1800.4211	0.5965	3.18647	-2.78462	0.4579	0.99727	-0.048	-0.05602	0.04851	0.99879	0.0077	0.05559	-0.01039	0.9984
616.79889	-13.09694	1802.37467	-0.28259	3.82194	-3.44581	0.49785	0.99597	-0.06043	-0.06624	0.05997	0.99816	-0.00893	0.06666	0.00492	0.99776
666.97312	-13.44891	1801.47394	-0.62572	4.32409	-2.86418	0.42804	0.99591	-0.05079	-0.07475	0.04983	0.99865	-0.01467	0.0754	0.01089	0.99709
717.17786	-14.83498	1797.83794	-0.12214	4.08477	-1.69109	0.45707	0.99703	-0.02966	-0.07114	0.02944	0.99956	-0.00423	0.07123	0.00213	0.99746
768.17551	-15.78203	1794.81624	0.69431	3.7408	-0.61169	0.35773	0.99781	-0.00988	-0.06536	0.01065	0.99988	0.01142	0.06524	-0.01209	0.9978
819.67382	-14.04588	1795.46979	0.95315	3.75064	-0.33487	0.41947	0.99784	-0.00476	-0.0655	0.00583	0.99985	0.01625	0.06541	-0.0166	0.99772
870.28528	-13.52099	1798.91397	0.89417	3.32164	-0.84569	0.40848	0.99821	-0.01385	-0.05816	0.01473	0.99978	0.01475	0.05794	-0.01558	0.9982
921.00707	-15.55644	1802.60688	0.91142	2.8496	-1.16069	0.42093	0.99856	-0.01946	-0.05002	0.02023	0.99968	0.0149	0.04971	-0.01589	0.99864
972.55439	-19.84934	1805.19269	0.83174	3.00244	-1.14421	0.43981	0.99843	-0.01921	-0.05265	0.01994	0.99971	0.01347	0.05238	-0.0145	0.99852
1024.27909	-27.23645	1804.01056	0.76008	3.48635	-0.80433	0.49057	0.99805	-0.01323	-0.06099	0.01401	0.99982	0.01241	0.06081	-0.01324	0.99806
1074.69058	-36.58131	1800.7601	0.61467	3.30184	-0.00736	0.51438	0.99834	0.00049	-0.05759	0.00013	0.99994	0.01072	0.0576	-0.01071	0.99828
1122.73927	-46.52006	1798.39229	0.02654	2.72522	1.33134	0.52273	0.9986	0.02326	-0.04752	-0.02321	0.99973	0.00157	0.04755	-0.00046	0.99887
1169.13319	-56.71835	1800.61878	-0.49444	1.97162	3.28572	0.53906	0.99777	0.05702	-0.03484	-0.05728	0.99834	-0.00664	0.0344	0.00862	0.99937
1213.97805	-65.0039	1807.44368	-1.18105	1.4065	5.4568	0.54837	0.99517	0.09457	-0.02639	-0.09507	0.9953	-0.01818	0.02455	0.02061	0.99949
1256.25149	-68.64708	1813.39643	-2.35719	0.73756	7.88746	0.47705	0.99046	0.13659	-0.01838	-0.13722	0.98977	-0.03898	0.01287	0.04113	0.99907
1295.68072	-66.75988	1815.90063	-3.37567	-0.28334	9.98485	0.51119	0.98484	0.17337	-0.00535	-0.17339	0.98309	-0.05885	-0.00495	0.05888	0.99825
1334.51714	-60.16977	1815.67595	-4.29623	-1.38453	12.29229	0.59864	0.97679	0.21407	0.00759	-0.21284	0.97394	-0.07833	-0.02416	0.07489	0.9969
1374.0485	-49.92882	1813.01438	-4.57895	-2.4476	14.6353	0.5683	0.96667	0.25516	0.02102	-0.25243	0.9636	-0.088	-0.04271	0.07976	0.9959
1415.39666	-37.56592	1810.19339	-4.3484	-3.28381	16.92065	0.55113	0.95514	0.29436	0.03258	-0.29057	0.95269	-0.08916	-0.05728	0.0757	0.99548
1456.59333	-22.63789	1809.68665	-4.31523	-3.95377	18.53305	0.38902	0.94588	0.32187	0.04127	-0.3171	0.9438	-0.0932	-0.06895	0.07506	0.99479
1496.60917	-6.88224	1811.16061	-4.69447	-4.34426	20.33178	0.6763	0.935	0.3521	0.04235	-0.34646	0.9324	-0.10297	-0.07575	0.08161	0.99378
1532.98518	10.85554	1810.64355	-5.16188	-5.25628	22.86773	0.58166	0.91753	0.39462	0.04911	-0.38697	0.91446	-0.11835	-0.09161	0.08959	0.99176
1569.44547	27.32895	1810.9842	-5.09803	-5.73871	26.11774	0.45879	0.89339	0.44645	0.05031	-0.43801	0.89043	-0.12363	-0.09999	0.08841	0.99105
1606.3541	43.49327	1810.93185	-5.27815	-5.70505	30.41017	0.46428	0.85815	0.51193	0.0388	-0.50368	0.85414	-0.12944	-0.09941	0.09154	0.99083
1642.7812	58.9854	1809.19382	-4.99569	-6.39525	35.41358	0.42773	0.80992	0.58518	0.03997	-0.57587	0.80627	-0.13527	-0.11139	0.08654	0.99
1677.54786	75.38372	1806.66851	-5.27737	-7.24438	39.80278	0.29574	0.76212	0.64634	0.03759	-0.63504	0.75757	-0.15104	-0.1261	0.09124	0.98781
1708.72316	93.38776	1804.12726	-5.71787	-8.44836	44.38879	0.35066	0.70686	0.7065	0.03477	-0.69193	0.70081	-0.17346	-0.14692	0.09855	0.98423
1734.6372	113.23459	1802.76353	-6.3265	-9.60709	48.84843	0.26958	0.64882	0.76049	0.02618	-0.74241	0.6402	-0.19741	-0.16689	0.10865	0.97997
1755.59358	133.88302	1802.08145	-6.79511	-10.21922	53.11966	0.2578	0.59063	0.80687	0.01108	-0.7872	0.57914	-0.21192	-0.17741	0.11644	0.97722
1771.78218	154.06378	1800.71566	-6.27586	-10.4639	57.13087	0.26398	0.5337	0.84565	0.00616	-0.82594	0.52279	-0.21096	-0.18162	0.1075	0.97748
1783.90766	176.3524	1799.37902	-5.66634	-10.12078	60.94905	0.3878	0.47803	0.87834	-0.0014	-0.86059	0.46805	-0.20081	-0.17572	0.0972	0.97963
1791.89098	200.30617	1798.18788	-4.99496	-9.55715	64.79269	0.64938	0.41998	0.90749	-0.00833	-0.89221	0.4112	-0.18673	-0.16603	0.08586	0.98238
1798.34529	224.851	1797.10354	-4.2661	-8.45725	68.48174	0.46388	0.36281	0.93174	-0.01541	-0.92018	0.3556	-0.16373	-0.14707	0.07358	0.98639
1802.60279	249.90716	1797.70152	-3.05364	-7.05685	71.98624	0.46786	0.3069	0.95166	-0.01272	-0.94378	0.30258	-0.13314	-0.12285	0.05287	0.99102
1804.4569	273.02393	1799.20529	-1.64287	-6.02325	75.28824	0.53292	0.25255	0.96758	-0.00109	-0.96188	0.25094	-0.10873	-0.10493	0.02851	0.99407
1806.59954	292.92149	1798.82591	-0.34676	-5.49619	77.19444	0.61448	0.22062	0.97524	0.01533	-0.97064	0.22107	-0.09474	-0.09578	0.00602	0.99538
1810.55927	312.33566	1795.58059	0.44363	-5.08411	78.71503	0.52427	0.19492	0.9805	0.02493	-0.97681	0.19636	-0.08539	-0.08862	-0.00771	0.99604
1818.50447	332.81393	1789.41342	0.53155	-4.48494	80.18909	0.50215	0.16988	0.98521	0.02247	-0.98236	0.1711	-0.07547	-0.0782	-0.00925	0.9969
1830.20986	354.17807	1778.2929	0.87977	-3.64798	81.82253	0.39102	0.14195	0.98958	0.02425	-0.98783	0.14319	-0.06079	-0.06363	-0.01532	0.99786
1844.37395	376.5194	1761.05404	1.13037	-2.92948	83.18752	0.41449	0.11847	0.99263	0.02565	-0.99164	0.1196	-0.0484	-0.05111	-0.0197	0.9985
1860.1094	399.58173	1736.52903	1.05195	-2.55705	84.31883	0.42867	0.09889	0.99484	0.02268	-0.9941	0.09979	-0.04257	-0.04461	-0.01834	0.99884
1878.37009	423.57712	1709.41516	0.54363	-1.78535	85.43972	0.40647	0.07947	0.99677	0.01193	-0.99635	0.0798	-0.0303	-0.03116	-0.00948	0.99947
1896.87682	448.12533	1681.92729	-0.36056	-0.6841	86.57597	0.406	0.05972	0.9982	-0.00557	-0.99814	0.05965	-0.01229	-0.01194	0.00629	0.99991
1911.16888	471.49512	1649.5234	-0.36183	-0.03167	87.85458	0.41477	0.03744	0.99928	-0.00629	-0.9993	0.03743	-0.00079	-0.00055	0.00632	0.99998
1920.68395	493.73832	1614.37896	0.66883	0.33355	88.61554	0.45753	0.02416	0.99964	0.01153	-0.99969	0.02409	0.0061	0.00582	-0.01167	0.99991
1925.75292	517.70728	1579.74134	1.28845	0.56741	88.87997	0.44703	0.01955	0.99956	0.02229	-0.99976	0.01932	0.01034	0.0099	-0.02248	0.9997
1926.60356	544.5065	1547.82578	1.28959	0.55638	88.8149	0.42024	0.02068	0.99954	0.0223	-0.99974	0.02046	0.01017	0.00971	-0.0225	0.9997
1924.10722	572.9293	1516.03278	1.64118	0.64681	88.57449	0.41911	0.02488	0.99929	0.02835	-0.99963	0.02454	0.01199	0.01129	-0.02864	0.99953
1917.42528	602.78736	1483.34963	2.5997	0.75111	88.37112	0.39537	0.02842	0.99858	0.04497	-0.99951	0.0278	0.01438	0.01311	-0.04535	0.99888
1908.3551	634.5054	1452.70961	3.56796	0.85456	88.51316	0.37595	0.02594	0.99775	0.06183	-0.99955	0.02497	0.0165	0.01491	-0.06223	0.99795
1900.81982	666.88355	1422.10524	4.01968	0.33019	88.08542	0.35817	0.03341	0.997	0.06987	-0.99943	0.03292	0.00809	0.00576	-0.0701	0.99752
1899.44312	699.29429	1389.03752	3.84509	0.22049	87.6534	0.39726	0.04094	0.99692	0.06685	-0.99915	0.04059	0.00658	0.00385	-0.06706	0.99774
1904.97204	731.43103	1355.49214	3.46924	0.62411	88.15777	0.3588	0.03215	0.99767	0.06013	-0.99942	0.03143	0.01281	0.01089	-0.06051	0.99811
1914.2561	761.38549	1320.58407	3.39885	0.80934	88.7104	0.37693	0.0225	0.99801	0.05895	-0.99965	0.02163	0.01543	0.01413	-0.05928	0.99814
1925.18493	790.56781	1288.75544	3.13913	0.69112	89.26777	0.35403	0.01278	0.99843	0.0546	-0.99985	0.0121	0.01274	0.01206	-0.05476	0.99843
1937.15109	821.50102	1269.41942	3.00618	0.74824	89.98854	0.33861	0.0002	0.99862	0.05244	-0.99991	-0.00049	0.01305	0.01306	-0.05244	0.99854
1948.78097	857.38318	1263.80771	2.14142	0.50672	90.54476	0.50878	-0.00951	0.99925	0.03745	-0.99992	-0.00983	0.00848	0.00884	-0.03736	0.99926
1957.32508	897.02901	1259.72488	0.88497	0.20752	91.15888	0.48453	-0.02022	0.99968	0.01552	-0.99979	-0.02028	0.00331	0.00362	-0.01544	0.99987
1961.03179	935.64883	1245.01753	-0.11837	-0.06806	91.84135	0.46851	-0.03213	0.99948	-0.0021	-0.99948	-0.03213	-0.00112	-0.00119	0.00207	1
1960.70602	972.95825	1217.58138	-0.28257	-0.59767	91.26745	0.46374	-0.02212	0.99974	-0.00516	-0.9997	-0.02217	-0.01032	-0.01043	0.00493	0.99993
1956.59715	1016.13679	1184.19042	-2.71341	-0.91591	90.65659	0.47698	-0.01146	0.9988	-0.04752	-0.99981	-0.0122	-0.01542	-0.01599	0.04733	0.99875
1950.74202	1061.77462	1153.81303	-4.88755	-0.53621	89.97202	0.47023	0.00049	0.99636	-0.0852	-0.99996	-0.00031	-0.00937	-0.00936	0.0852	0.99632
1943.79036	1105.75541	1130.88682	-7.37023	-0.28274	88.70718	0.44105	0.02256	0.9915	-0.12814	-0.99973	0.02174	-0.00779	-0.00493	0.12828	0.99173
1933.89476	1144.84867	1121.70935	-8.37879	0.10007	88.11999	0.51663	0.03281	0.98879	-0.1457	-0.99946	0.03271	-0.00305	0.00175	0.14572	0.98932
1920.74905	1181.56734	1124.86636	-8.5279	0.54447	88.67143	0.54954	0.02318	0.98865	-0.14847	-0.99969	0.02434	0.00596	0.0095	0.14828	0.9889
1912.08106	1218.68589	1137.56233	-8.97577	1.58993	89.2057	0.33784	0.01386	0.9876	-0.15638	-0.99952	0.01802	0.02524	0.02775	0.15596	0.98737
1908.39416	1255.08333	1148.83458	-8.90364	1.75984	88.99451	0.36047	0.01754	0.98771	-0.15528	-0.99937	0.02209	0.02762	0.03071	0.1547	0.98748
1911.52824	1289.76794	1158.0896	-8.84458	1.92844	89.41457	0.33989	0.01021	0.988	-0.15409	-0.99938	0.01527	0.03168	0.03365	0.15367	0.98755
1920.16916	1320.04986	1175.38405	-8.01401	1.88309	90.37913	0.36062	-0.00661	0.99024	-0.1392	-0.99944	-0.00197	0.03346	0.03286	0.13934	0.9897
1930.31959	1343.80561	1210.84007	-6.08246	1.6418	90.93523	0.37454	-0.01632	0.99429	-0.10548	-0.99946	-0.01319	0.03022	0.02865	0.10592	0.99396
1937.99628	1364.59106	1260.13508	-3.78344	1.47844	91.60006	0.45308	-0.02791	0.99748	-0.06524	-0.99928	-0.02616	0.02758	0.0258	0.06596	0.99749
1943.17616	1389.12403	1313.43654	-2.88997	1.21209	92.51487	0.46023	-0.04387	0.99781	-0.04944	-0.99881	-0.04276	0.02332	0.02115	0.05041	0.9985
1943.68945	1411.80176	1358.26803	-1.42018	1.04921	92.47546	0.50819	-0.04318	0.99878	-0.02397	-0.9989	-0.04272	0.01936	0.01831	0.02478	0.99953
1937.39781	1435.96122	1399.20407	0.16469	0.53658	92.6591	0.48056	-0.04639	0.99892	0.00331	-0.99888	-0.04642	0.00922	0.00936	-0.00287	0.99995
1927.20101	1467.03627	1445.80037	0.00205	0.42005	93.07955	0.4469	-0.05372	0.99856	0.00043	-0.99853	-0.05372	0.00732	0.00733	-4E-05	0.99997
1915.22081	1498.76626	1497.167	0.59783	0.12115	92.70528	0.44586	-0.0472	0.99883	0.01052	-0.99888	-0.04722	0.00162	0.00211	-0.01043	0.99994
1905.27445	1527.90925	1550.66312	1.75784	-0.06782	92.00903	0.44172	-0.03506	0.99892	0.03062	-0.99938	-0.035	-0.00226	-0.00118	-0.03068	0.99953
1900.42554	1558.01845	1605.29559	1.84615	0.13064	92.38482	0.43993	-0.04161	0.99861	0.03228	-0.99913	-0.04166	0.00094	0.00228	-0.03222	0.99948
1900.78953	1591.35623	1660.39702	1.01327	0.49225	92.72192	0.41234	-0.04749	0.99871	0.01807	-0.99883	-0.04763	0.00774	0.00859	-0.01768	0.99981
1902.47483	1625.8006	1709.88204	0.50767	0.61187	92.57961	0.41983	-0.045	0.99894	0.00933	-0.99893	-0.0451	0.01027	0.01068	-0.00886	0.9999
1904.00165	1658.388	1752.87848	0.98294	0.27429	92.66399	0.3774	-0.04648	0.99877	0.01736	-0.99891	-0.04655	0.00398	0.00479	-0.01715	0.99984
1906.76005	1690.62541	1792.5871	0.46426	0.12496	93.81878	0.4038	-0.0666	0.99775	0.00823	-0.99778	-0.06662	0.00164	0.00218	-0.0081	0.99996
1911.12921	1718.81873	1828.96581	0.69425	0.62299	95.50732	0.5079	-0.09597	0.9953	0.0131	-0.99533	-0.0961	0.00966	0.01087	-0.01212	0.99987
1913.43141	1740.84465	1859.83058	1.80292	0.67825	96.01877	0.55114	-0.10485	0.99396	0.03253	-0.99442	-0.10517	0.00847	0.01184	-0.03146	0.99943
1912.43239	1760.22035	1884.00965	2.27791	0.96138	97.10507	0.4681	-0.12367	0.99145	0.04151	-0.99218	-0.12425	0.01172	0.01678	-0.03974	0.99907
1906.34926	1777.72904	1903.99575	2.00589	1.37115	99.61401	1.14448	-0.16696	0.98521	0.0385	-0.98567	-0.16773	0.01773	0.02393	-0.03499	0.9991
1896.11886	1794.79869	1918.84944	1.54494	1.89973	102.82417	1.17503	-0.22184	0.9745	0.03364	-0.97452	-0.22275	0.02633	0.03315	-0.02695	0.99909
1880.53373	1810.267	1927.31546	1.94069	2.41119	106.7672	1.26752	-0.28823	0.95652	0.04455	-0.95664	-0.28968	0.03049	0.04207	-0.03383	0.99854
1861.04018	1823.03716	1931.06087	2.96305	3.36363	110.51637	1.21219	-0.34987	0.93426	0.06895	-0.93496	-0.35285	0.03676	0.05867	-0.0516	0.99694
1841.3803	1835.95641	1933.16311	3.60744	4.279	114.51938	0.43221	-0.41384	0.90607	0.08815	-0.90728	-0.41845	0.04164	0.07461	-0.06274	0.99524
1820.10216	1844.80606	1933.16871	4.53328	5.04961	118.76139	1.07026	-0.4793	0.87054	0.11151	-0.87323	-0.48576	0.03889	0.08802	-0.07873	0.993
1798.32883	1856.0056	1934.70566	5.21867	5.64368	123.82715	0.732	-0.55399	0.8223	0.13008	-0.82669	-0.56181	0.03072	0.09834	-0.09052	0.99103
1776.05525	1870.81825	1935.36948	4.97253	5.71383	128.92554	0.90108	-0.62519	0.76961	0.12975	-0.7741	-0.63266	0.0227	0.09956	-0.08625	0.99129
1753.18858	1886.78753	1934.86469	5.41856	5.68969	133.73048	0.94196	-0.68786	0.7129	0.13646	-0.71904	-0.69494	0.00604	0.09914	-0.09397	0.99063
1728.44393	1903.54169	1933.97778	6.16198	5.10759	138.72015	0.44855	-0.74851	0.64874	0.13733	-0.65712	-0.75346	-0.02227	0.08903	-0.10691	0.99027
1700.69779	1916.91985	1931.78779	7.44882	4.19451	143.54066	0.40266	-0.80212	0.58161	0.13537	-0.59266	-0.80313	-0.06117	0.07314	-0.12929	0.98891
1671.85114	1927.26449	1928.8463	8.95343	3.33341	148.02156	0.88107	-0.84681	0.51547	0.13114	-0.5287	-0.8427	-0.1016	0.05815	-0.15537	0.98614
1641.22683	1935.60369	1924.75219	9.96274	2.44623	152.86273	3.57159	-0.88911	0.44267	0.11632	-0.45571	-0.87986	-0.13479	0.04268	-0.17285	0.98402
1610.97818	1938.64257	1921.92372	11.00687	2.02546	157.94946	1.26531	-0.92627	0.36226	0.10383	-0.37519	-0.91234	-0.16394	0.03534	-0.19081	0.98099
1581.44078	1943.60951	1917.08546	10.94722	2.08227	162.40881	0.82546	-0.95261	0.29015	0.0914	-0.30202	-0.93798	-0.17024	0.03633	-0.18978	0.98115
1549.23974	1943.49088	1910.09726	11.11082	2.38503	166.11186	0.55514	-0.96993	0.22774	0.0859	-0.23982	-0.9545	-0.17727	0.04161	-0.19254	0.98041
1514.71517	1937.40485	1901.34566	11.46883	2.7987	168.9037	0.46986	-0.98013	0.17909	0.08523	-0.19223	-0.96358	-0.18591	0.04883	-0.1986	0.97886
1478.31667	1927.3559	1891.5921	11.61036	3.46392	171.46175	0.36989	-0.98711	0.13341	0.08841	-0.1482	-0.97049	-0.19024	0.06042	-0.20089	0.97775
1441.2774	1919.34386	1879.55391	10.91989	4.71307	173.561	0.50814	-0.99033	0.09465	0.10141	-0.11177	-0.97744	-0.17919	0.08217	-0.1888	0.97857
1403.71562	1917.7358	1862.67186	9.65664	5.61444	175.79308	0.43927	-0.99252	0.05595	0.10849	-0.07301	-0.98438	-0.16022	0.09783	-0.16694	0.9811
1364.63308	1920.5131	1844.60005	8.29917	5.90481	177.33391	0.44931	-0.99362	0.03119	0.1084	-0.04627	-0.98915	-0.13945	0.10288	-0.14358	0.98428
1326.96126	1926.83183	1823.93315	6.9744	5.99804	178.36873	0.41887	-0.99412	0.01557	0.10714	-0.02831	-0.99256	-0.11842	0.10449	-0.12076	0.98717
1290.02971	1936.26855	1797.71444	5.54078	6.40318	179.73001	0.40513	-0.99375	-0.00608	0.11146	-0.00468	-0.99537	-0.09603	0.11152	-0.09595	0.98912
1251.68071	1947.8929	1763.73655	3.96652	6.27654	-178.73106	0.46204	-0.99376	-0.02965	0.10751	0.02201	-0.99719	-0.07157	0.10933	-0.06876	0.99162
1212.43056	1958.9199	1721.63649	3.22793	5.40828	-176.82809	0.60907	-0.99402	-0.06054	0.09084	0.05509	-0.99659	-0.06143	0.09425	-0.05606	0.99397
1173.93176	1967.16808	1679.87838	2.5447	5.28649	-174.62852	0.83165	-0.99137	-0.09759	0.08748	0.09321	-0.99424	-0.05282	0.09214	-0.04421	0.99476
1134.89705	1975.09377	1641.13653	1.76803	4.50369	-173.26215	0.59631	-0.99003	-0.11968	0.07432	0.11696	-0.99234	-0.03985	0.07852	-0.03076	0.99644
1097.65474	1980.41927	1604.04456	1.26326	4.07005	-171.68546	0.80709	-0.98699	-0.14612	0.06702	0.14424	-0.98902	-0.03208	0.07098	-0.02199	0.99724
1063.50032	1983.99638	1567.92283	0.89543	3.89239	-171.41774	0.83651	-0.98652	-0.15026	0.06478	0.14888	-0.98852	-0.02558	0.06788	-0.01559	0.99757
1031.1101	1985.00416	1528.89319	0.4835	3.78955	-171.25908	0.47791	-0.98622	-0.15251	0.06404	0.15163	-0.98827	-0.01838	0.06609	-0.00842	0.99778
997.45283	1983.18432	1486.6796	-0.107	3.90827	-170.67891	0.8737	-0.9845	-0.16184	0.06756	0.16159	-0.98682	-0.0092	0.06816	0.00186	0.99767
957.88703	1975.93916	1449.58996	-0.20393	2.78813	-170.65402	0.79751	-0.98556	-0.16222	0.04857	0.1622	-0.98675	-0.00439	0.04864	0.00355	0.99881
915.36559	1964.68404	1423.04481	0.18855	1.68595	-171.82446	0.38056	-0.98941	-0.1423	0.02865	0.14214	-0.98982	-0.00744	0.02942	-0.00329	0.99956
873.88104	1952.31879	1403.07683	0.25769	1.05632	-172.49371	0.44076	-0.99126	-0.13072	0.01769	0.13061	-0.99141	-0.00687	0.01844	-0.0045	0.99982
833.29165	1941.61765	1386.6169	0.3629	0.23717	-172.981	0.43864	-0.9925	-0.12222	0.00333	0.1222	-0.99248	-0.00679	0.00414	-0.00633	0.99997
795.39384	1937.46008	1367.88923	0.57589	-0.92634	-173.45119	0.41057	-0.99335	-0.11388	-0.01721	0.11403	-0.99344	-0.00814	-0.01617	-0.01005	0.99982
761.29553	1938.77951	1345.23466	0.54643	-1.91986	-174.3085	0.41313	-0.99451	-0.09885	-0.03428	0.09912	-0.99506	-0.00617	-0.0335	-0.00953	0.99939
727.80093	1944.13545	1318.07835	0.40935	-3.54536	-174.2923	0.39135	-0.99314	-0.09901	-0.06224	0.09926	-0.99506	-0.00096	-0.06184	-0.00713	0.99806
699.14782	1951.35123	1284.33193	-0.03851	-3.24405	-174.00591	0.41215	-0.99294	-0.10446	-0.05621	0.10426	-0.99453	0.00658	-0.05659	0.00067	0.9984
670.90273	1957.80834	1249.88301	-0.50751	-3.73795	-173.80104	0.40632	-0.99204	-0.10855	-0.06385	0.10775	-0.99405	0.01585	-0.06519	0.00884	0.99783
644.39125	1964.8841	1229.46869	-1.51173	-3.77644	-172.42613	0.38794	-0.98912	-0.13348	-0.06179	0.13152	-0.9907	0.03483	-0.06586	0.02632	0.99748
623.63999	1973.55816	1221.26902	-1.85949	-2.36153	-172.12601	0.37901	-0.98973	-0.13825	-0.03635	0.13688	-0.98987	0.03778	-0.0412	0.03242	0.99862
604.33647	1983.88385	1225.2112	-2.11774	-0.85054	-172.41495	0.40681	-0.99114	-0.13245	-0.00983	0.13198	-0.9905	0.03859	-0.01484	0.03695	0.99921
582.06754	1994.90506	1240.15976	-2.37825	0.46858	-172.17911	0.39134	-0.99067	-0.13562	0.01374	0.13607	-0.98989	0.04	0.00818	0.04149	0.99911
554.90783	2000.40189	1256.67085	-2.58501	0.43183	-171.00258	0.37173	-0.98767	-0.1559	0.01449	0.15639	-0.98674	0.04337	0.00754	0.0451	0.99895
531.30193	2001.31726	1268.58994	-3.3049	2.07001	-169.52556	0.33588	-0.98269	-0.17945	0.04594	0.18168	-0.98208	0.05013	0.03612	0.05761	0.99769
509.17417	1993.24101	1274.52367	-3.48203	3.16356	-170.45639	0.33074	-0.98466	-0.16219	0.06439	0.16555	-0.98489	0.05076	0.05519	0.06064	0.99663
486.01759	1980.74261	1295.79657	-3.98075	4.14837	-172.10518	0.39631	-0.98793	-0.13205	0.08102	0.137	-0.98882	0.05885	0.07234	0.06924	0.99497
456.87329	1968.8395	1337.21235	-4.56348	4.21056	-172.13731	0.45887	-0.98793	-0.13058	0.08339	0.13643	-0.98826	0.0688	0.07342	0.07935	0.99414
420.73426	1957.26145	1390.56998	-4.41791	2.68375	-171.965	0.47478	-0.9891	-0.13579	0.05699	0.13962	-0.98774	0.06975	0.04682	0.07695	0.99594
386.67624	1946.61366	1433.39786	-3.78669	2.30681	-173.53877	0.44403	-0.99284	-0.10964	0.04734	0.11244	-0.99178	0.0611	0.04025	0.06599	0.99701
353.84023	1939.26664	1470.10977	-2.92326	1.51039	-174.26816	0.41738	-0.99465	-0.09841	0.03129	0.09984	-0.99384	0.04811	0.02636	0.05098	0.99835
320.43342	1938.69406	1519.48977	-2.7388	0.79327	-174.55264	0.44146	-0.99539	-0.09416	0.0183	0.09492	-0.99441	0.04625	0.01384	0.04778	0.99876
285.89268	1942.19248	1577.47673	-2.39852	-0.12206	-175.04022	0.45433	-0.99625	-0.08647	0.0015	0.08646	-0.99538	0.04188	-0.00213	0.04185	0.99912
253.37011	1946.20401	1637.56848	-1.94503	0.54374	-174.98653	0.42588	-0.99613	-0.08702	0.01241	0.08739	-0.99563	0.03298	0.00949	0.03394	0.99938
220.07675	1948.97964	1693.14023	-1.23322	0.636	-174.23915	0.43671	-0.99489	-0.10012	0.0132	0.10037	-0.99474	0.0203	0.0111	0.02152	0.99971
186.86219	1951.60195	1739.85899	-1.2021	0.47844	-173.5722	0.44278	-0.99368	-0.11175	0.01064	0.11195	-0.99351	0.01991	0.00835	0.02098	0.99975
153.28873	1952.038	1780.06896	-1.37825	0.00621	-173.50282	0.48815	-0.99358	-0.11312	0.00283	0.11315	-0.99329	0.02389	0.00011	0.02405	0.99971
121.29961	1949.16914	1811.68477	-1.57715	-0.30039	-173.61639	0.5087	-0.99379	-0.11129	-0.00215	0.11118	-0.99341	0.02793	-0.00524	0.02752	0.99961
93.70024	1943.96321	1839.78009	-1.76648	0.60366	-174.28174	0.49674	-0.99497	-0.09927	0.01355	0.09963	-0.99458	0.02962	0.01054	0.03082	0.99947
66.49863	1936.73336	1866.30457	-2.10796	1.20032	-175.03883	0.46783	-0.99603	-0.08565	0.02404	0.08646	-0.99565	0.03483	0.02095	0.03677	0.9991
38.88246	1927.85023	1890.85707	-2.02214	1.89162	-175.4575	0.43165	-0.99632	-0.07799	0.03568	0.07916	-0.99633	0.03256	0.03301	0.03527	0.99883
11.08417	1919.95653	1911.72631	-1.61658	1.8838	-176.05116	0.48846	-0.99709	-0.06791	0.03472	0.06883	-0.99729	0.02588	0.03287	0.0282	0.99906
-16.21987	1916.33224	1928.16811	-1.22276	2.73618	-176.72008	0.48303	-0.99722	-0.05618	0.04887	0.05715	-0.99819	0.01857	0.04774	0.02132	0.99863
-46.30366	1918.09001	1938.8345	-1.10851	2.93799	-177.09795	0.50004	-0.9974	-0.04963	0.05216	0.05056	-0.99858	0.01673	0.05126	0.01932	0.9985
-77.86224	1924.55641	1943.40072	-1.26357	3.29066	-176.41116	0.4883	-0.99639	-0.06132	0.05866	0.06249	-0.99788	0.01842	0.0574	0.02202	0.99811
-109.84503	1934.35481	1945.94223	-1.48426	3.75783	-175.62843	0.49403	-0.99495	-0.07451	0.0673	0.07606	-0.99689	0.02083	0.06554	0.02585	0.99752
-141.35716	1944.9288	1949.15049	-1.58405	4.70141	-174.29445	0.47308	-0.9917	-0.09712	0.08427	0.09908	-0.99489	0.01936	0.08196	0.02755	0.99625
-174.8268	1954.15801	1953.08336	-1.77628	4.83545	-173.153	0.43579	-0.98933	-0.11657	0.08735	0.11879	-0.9927	0.02073	0.08429	0.03089	0.99596
-209.4677	1961.641	1952.66636	-2.11243	5.03909	-172.26346	0.6304	-0.98707	-0.13132	0.09194	0.1341	-0.99066	0.02471	0.08784	0.03672	0.99546
-248.35488	1965.18731	1948.34221	-2.33141	4.3297	-172.04257	0.3529	-0.98754	-0.13528	0.08034	0.13804	-0.98998	0.02985	0.0755	0.04056	0.99632
-288.4836	1965.11896	1941.31352	-2.59774	4.03911	-171.83284	0.35251	-0.9874	-0.13876	0.07609	0.14171	-0.98929	0.03487	0.07044	0.04521	0.99649
-328.10135	1962.25264	1931.74768	-2.75164	3.97637	-172.21306	0.35797	-0.98839	-0.13204	0.07513	0.13516	-0.99009	0.03818	0.06935	0.04789	0.99644
-366.10402	1956.93913	1919.71092	-2.78159	4.37673	-172.74557	0.36501	-0.9891	-0.12245	0.08174	0.12591	-0.99129	0.03852	0.07631	0.04839	0.99591
-402.36265	1950.10879	1906.29101	-2.9094	4.80801	-173.58392	0.38871	-0.99024	-0.10738	0.08886	0.11135	-0.99293	0.04108	0.08382	0.05058	0.9952
-437.21403	1941.95359	1892.40525	-2.86226	5.00851	-174.22902	0.45666	-0.99113	-0.09609	0.09177	0.10017	-0.99413	0.04091	0.0873	0.04974	0.99494
-470.15616	1935.01017	1872.19591	-2.5331	5.39313	-175.04073	0.41493	-0.99185	-0.08222	0.09737	0.08606	-0.99564	0.03591	0.09399	0.044	0.9946
-504.34773	1931.38538	1846.19191	-2.30226	6.069	-175.36697	0.38977	-0.99115	-0.07648	0.10854	0.08032	-0.99627	0.03151	0.10573	0.03995	0.99359
-545.76863	1932.16824	1819.0522	-2.16	6.06694	-175.1796	0.42121	-0.99088	-0.08	0.10841	0.08356	-0.99609	0.02868	0.10569	0.03748	0.99369
-593.48962	1936.53527	1791.15842	-2.11092	5.03336	-175.14876	0.4869	-0.99258	-0.08129	0.09048	0.08424	-0.99601	0.02929	0.08774	0.03669	0.99547
-643.46231	1942.72232	1760.25918	-1.9585	3.89391	-174.71512	0.34015	-0.99345	-0.08974	0.07073	0.0919	-0.99538	0.02778	0.06791	0.0341	0.99711
-691.76849	1950.39579	1726.07684	-2.04971	3.36221	-173.70926	0.32222	-0.99227	-0.10742	0.06218	0.10939	-0.99357	0.02913	0.05865	0.03571	0.99764
-739.59448	1958.47079	1691.16328	-2.75053	2.6446	-172.54768	0.43151	-0.9905	-0.12736	0.05192	0.12956	-0.9907	0.0416	0.04614	0.04794	0.99778
-787.13159	1962.62725	1657.49285	-3.12346	1.78494	-171.67564	0.40476	-0.98898	-0.14288	0.03866	0.14471	-0.98824	0.04941	0.03115	0.05446	0.99803
-833.76236	1961.61615	1623.92495	-3.12545	0.92268	-171.73454	0.53614	-0.98948	-0.14268	0.02375	0.14374	-0.98827	0.05164	0.0161	0.05452	0.99838
-877.56677	1955.95501	1588.53944	-2.65476	1.0714	-172.54936	0.50743	-0.99138	-0.12867	0.02453	0.12965	-0.99061	0.0435	0.0187	0.04631	0.99875
-921.29425	1946.11741	1549.61686	-2.07931	0.67039	-173.31401	0.49304	-0.99313	-0.11593	0.01584	0.11642	-0.99259	0.03467	0.0117	0.03628	0.99927
-965.07035	1935.28539	1510.64181	-2.19148	0.40236	-173.85582	0.51283	-0.99423	-0.10669	0.01107	0.10703	-0.99356	0.03727	0.00702	0.03824	0.99924
-1006.76776	1922.10792	1475.52925	-1.91061	0.77838	-174.61046	0.45448	-0.99549	-0.09342	0.01665	0.09392	-0.99507	0.03192	0.01358	0.03334	0.99935
-1044.46394	1910.63487	1444.93221	-1.67438	1.73744	-175.43811	0.43286	-0.99637	-0.07862	0.03253	0.0795	-0.99648	0.02672	0.03032	0.02921	0.99911
-1082.51836	1906.11039	1415.21362	-1.6815	1.19488	-175.46207	0.4391	-0.99665	-0.07848	0.0231	0.0791	-0.99648	0.0276	0.02085	0.02934	0.99935
-1120.22237	1911.22808	1389.29935	-2.39583	1.26324	-175.3343	0.46612	-0.99644	-0.08035	0.02535	0.08132	-0.99589	0.03987	0.02205	0.04179	0.99888
