-28.86831	-7.98783	308.86509	0	0	0	0	1	0	0	0	1	0	0	0	1
-28.86667	-7.9916	308.8794	0.00778	-0.00093	0.00136	0.03191	1	2E-05	2E-05	-2E-05	1	0.00014	-2E-05	-0.00014	1
-28.87446	-7.9892	308.85392	0.00131	-0.00551	0.00114	0.03042	1	2E-05	0.0001	-2E-05	1	2E-05	-0.0001	-2E-05	1
-29.00103	-7.91991	308.87746	0.00745	-0.00488	-0.00753	0.2713	1	-0.00013	9E-05	0.00013	1	0.00013	-9E-05	-0.00013	1
-29.01605	-7.92988	308.86521	0.0048	-0.00667	-0.00652	0.26536	1	-0.00011	0.00012	0.00011	1	8E-05	-0.00012	-8E-05	1
-29.02211	-7.92681	308.85914	0.01136	-0.00715	-0.00639	0.27222	1	-0.00011	0.00012	0.00011	1	0.0002	-0.00012	-0.0002	1
-28.86284	-8.02518	308.75011	0.01126	-0.0177	-0.00775	0.28146	1	-0.00014	0.00031	0.00014	1	0.0002	-0.00031	-0.0002	1
-29.11371	-7.76188	308.76265	0.01823	-0.01073	-0.00572	0.32696	1	-0.0001	0.00019	0.0001	1	0.00032	-0.00019	-0.00032	1
-29.11284	-7.75498	308.78396	0.01293	-0.01387	0.00101	0.29365	1	2E-05	0.00024	-2E-05	1	0.00023	-0.00024	-0.00023	1
-29.14009	-7.72303	308.78209	0.01331	-0.02035	-0.00397	0.27393	1	-7E-05	0.00036	7E-05	1	0.00023	-0.00036	-0.00023	1
-29.21106	-7.79331	308.71802	0.01952	0.00375	-0.01341	0.31679	1	-0.00023	-7E-05	0.00023	1	0.00034	7E-05	-0.00034	1
-29.19412	-7.78663	308.74632	0.01136	-0.00456	-0.01157	0.26375	1	-0.0002	8E-05	0.0002	1	0.0002	-8E-05	-0.0002	1
-29.22534	-7.78918	308.73788	0.01154	-0.00069	-0.00816	0.26903	1	-0.00014	1E-05	0.00014	1	0.0002	-1E-05	-0.0002	1
-29.21347	-7.81375	308.73145	0.01308	-0.00161	-0.00787	0.26029	1	-0.00014	3E-05	0.00014	1	0.00023	-3E-05	-0.00023	1
-29.20099	-7.78803	308.73353	0.01547	-0.00135	-0.01248	0.26907	1	-0.00022	2E-05	0.00022	1	0.00027	-2E-05	-0.00027	1
-29.23778	-7.78749	308.7032	0.00804	0.00446	-0.00086	0.26972	1	-2E-05	-8E-05	2E-05	1	0.00014	8E-05	-0.00014	1
-29.22889	-7.78969	308.719	0.01158	-0.00215	-0.00795	0.26446	1	-0.00014	4E-05	0.00014	1	0.0002	-4E-05	-0.0002	1
-29.23524	-7.79683	308.72828	0.0093	-0.00358	-0.01494	0.26647	1	-0.00026	6E-05	0.00026	1	0.00016	-6E-05	-0.00016	1
-29.21844	-7.78419	308.73119	0.0103	0.00303	-0.01619	0.2648	1	-0.00028	-5E-05	0.00028	1	0.00018	5E-05	-0.00018	1
-29.22042	-7.79921	308.67233	0.01722	0.01401	-0.01379	0.31874	1	-0.00024	-0.00024	0.00024	1	0.0003	0.00024	-0.0003	1
-29.24527	-7.79916	308.71976	0.01807	-0.00113	-0.01279	0.27294	1	-0.00022	2E-05	0.00022	1	0.00032	-2E-05	-0.00032	1
-29.24981	-7.79806	308.67728	0.01487	-0.00424	-0.00971	0.28742	1	-0.00017	7E-05	0.00017	1	0.00026	-7E-05	-0.00026	1
-29.19192	-7.80604	308.67164	0.01259	0.00152	-0.01226	0.28694	1	-0.00021	-3E-05	0.00021	1	0.00022	3E-05	-0.00022	1
-29.23243	-7.77297	308.69889	0.00695	-0.00245	-0.01139	0.25865	1	-0.0002	4E-05	0.0002	1	0.00012	-4E-05	-0.00012	1
-29.2445	-7.78699	308.69905	0.00812	-0.0043	-0.0147	0.2676	1	-0.00026	7E-05	0.00026	1	0.00014	-7E-05	-0.00014	1
-29.24486	-7.78668	308.68389	0.01711	-0.00365	-0.0117	0.2715	1	-0.0002	6E-05	0.0002	1	0.0003	-6E-05	-0.0003	1
-29.2061	-7.78638	308.6637	0.01086	0.00131	-0.01288	0.29085	1	-0.00022	-2E-05	0.00022	1	0.00019	2E-05	-0.00019	1
-29.21489	-7.79516	308.7063	0.01036	-0.00258	-0.01065	0.2676	1	-0.00019	4E-05	0.00019	1	0.00018	-4E-05	-0.00018	1
-29.22386	-7.81078	308.70817	0.00587	-0.00201	-0.01281	0.26784	1	-0.00022	4E-05	0.00022	1	0.0001	-4E-05	-0.0001	1
-29.18642	-7.81339	308.70689	0.01271	0.00176	-0.01248	0.26297	1	-0.00022	-3E-05	0.00022	1	0.00022	3E-05	-0.00022	1
-29.19472	-7.81212	308.7131	0.00393	0	-0.01012	0.25663	1	-0.00018	0	0.00018	1	7E-05	0	-7E-05	1
-29.25097	-7.79397	308.70037	0.00196	0.00034	-0.0076	0.29072	1	-0.00013	-1E-05	0.00013	1	3E-05	1E-05	-3E-05	1
-29.23629	-7.78259	308.71069	0.00835	0.00213	-0.00307	0.26983	1	-5E-05	-4E-05	5E-05	1	0.00015	4E-05	-0.00015	1
-29.22831	-7.81566	308.75513	0.01622	0.02295	-0.0066	0.28018	1	-0.00012	-0.0004	0.00012	1	0.00028	0.0004	-0.00028	1
-29.32125	-7.79296	308.70164	-0.0023	0.00686	0.00279	0.31185	1	5E-05	-0.00012	-5E-05	1	-4E-05	0.00012	4E-05	1
-29.34114	-7.84088	308.72664	-0.01845	-0.01429	0.00398	0.33554	1	7E-05	0.00025	-7E-05	1	-0.00032	-0.00025	0.00032	1
-29.35303	-7.8679	308.80631	-0.02566	0.0085	0.00974	0.34074	1	0.00017	-0.00015	-0.00017	1	-0.00045	0.00015	0.00045	1
-29.36	-7.86045	308.81566	-0.02422	0.00568	0.01031	0.35202	1	0.00018	-0.0001	-0.00018	1	-0.00042	0.0001	0.00042	1
-29.35182	-7.92559	308.80522	-0.0249	0.00941	0.01819	0.38315	1	0.00032	-0.00016	-0.00032	1	-0.00043	0.00016	0.00043	1
-29.39182	-7.77311	308.82991	-0.04841	0.01511	0.03548	0.36251	1	0.00062	-0.00026	-0.00062	1	-0.00084	0.00026	0.00084	1
-29.30409	-7.96322	308.82359	-0.00696	0.01615	0.02731	0.36449	1	0.00048	-0.00028	-0.00048	1	-0.00012	0.00028	0.00012	1
-29.33162	-7.88371	308.80469	-0.02487	0.01466	0.03536	0.35448	1	0.00062	-0.00026	-0.00062	1	-0.00043	0.00026	0.00043	1
-29.54881	-8.10401	308.92187	0.01349	0.00196	0.06022	0.37902	1	0.00105	-3E-05	-0.00105	1	0.00024	3E-05	-0.00024	1
-29.99666	-7.81654	309.13119	-0.04475	-0.03551	0.07243	0.37943	1	0.00126	0.00062	-0.00126	1	-0.00078	-0.00062	0.00078	1
-31.59044	-7.25369	309.79572	-0.07234	-0.05097	0.44699	0.37318	0.99997	0.0078	0.00088	-0.0078	0.99997	-0.00127	-0.00089	0.00126	1
-34.94703	-6.5714	310.91303	0.02751	-0.11171	1.43008	0.42086	0.99969	0.02496	0.00196	-0.02496	0.99969	0.00043	-0.00195	-0.00048	1
-40.10336	-8.01704	314.55105	1.1616	-0.07268	1.70685	0.42878	0.99956	0.02975	0.00187	-0.02979	0.99935	0.02023	-0.00127	-0.02027	0.99979
-46.28495	-8.73036	323.64489	1.5602	-0.50007	1.20169	0.43231	0.99974	0.02073	0.00929	-0.02097	0.99941	0.02704	-0.00873	-0.02723	0.99959
-47.47656	-7.30596	338.39009	0.69657	-0.21127	1.38143	0.4648	0.9997	0.02406	0.00398	-0.02411	0.99964	0.01206	-0.00369	-0.01216	0.99992
-47.22976	-6.1193	358.93912	-0.05529	-0.19239	1.92794	0.45957	0.99943	0.03365	0.00332	-0.03364	0.99943	-0.00108	-0.00336	0.00096	0.99999
-49.11267	-6.42845	384.2607	0.24586	-0.86215	2.19021	0.51805	0.99916	0.03815	0.0152	-0.03821	0.99926	0.00371	-0.01505	-0.00429	0.99988
-51.91972	-5.83458	414.1705	0.17105	-1.06055	2.37068	0.54675	0.99897	0.04131	0.01862	-0.04136	0.99914	0.00222	-0.01851	-0.00298	0.99982
-53.1654	-3.59647	447.23272	-0.1669	-0.5299	2.67891	0.57509	0.99886	0.04677	0.0091	-0.04674	0.9989	-0.00334	-0.00925	0.00291	0.99995
-56.76802	-3.37077	481.12434	0.44096	-0.81657	2.52381	0.55245	0.99893	0.04392	0.01458	-0.04403	0.99901	0.00706	-0.01425	-0.0077	0.99987
-60.7574	-2.97806	516.51824	1.14429	-0.6586	1.67072	0.40675	0.99951	0.02892	0.01207	-0.02915	0.99938	0.01963	-0.01149	-0.01997	0.99973
-61.0187	0.45587	550.53844	0.34232	0.54076	1.02847	0.38549	0.99979	0.01801	-0.00933	-0.01795	0.99982	0.00614	0.00944	-0.00597	0.99994
-61.20136	3.44052	581.36246	-0.19697	1.46328	-0.2823	0.41348	0.99966	-0.00501	-0.02552	0.00493	0.99998	-0.00356	0.02554	0.00344	0.99967
-66.06626	7.69951	611.02666	-0.99233	1.34253	-1.67863	0.41747	0.9993	-0.02969	-0.02291	0.02929	0.99941	-0.018	0.02343	0.01731	0.99958
-73.66306	13.46668	642.49208	-2.08847	0.96759	-3.00685	0.42681	0.99848	-0.05303	-0.01494	0.05245	0.99793	-0.03728	0.01689	0.03644	0.99919
-80.26376	17.93973	675.98899	-2.60212	1.05437	-3.46408	0.43017	0.998	-0.06119	-0.01561	0.06041	0.99709	-0.04643	0.0184	0.04539	0.9988
-85.91158	18.55319	709.58582	-1.76288	1.51361	-2.22006	0.44023	0.9989	-0.03953	-0.02519	0.03872	0.99874	-0.03176	0.02641	0.03075	0.99918
-93.66734	16.95675	743.42045	-0.08761	1.54182	-0.80862	0.39827	0.99954	-0.01415	-0.02688	0.01411	0.9999	-0.00191	0.02691	0.00153	0.99964
-101.23024	16.16833	778.77621	1.11986	1.83156	-0.28893	0.39857	0.99948	-0.00442	-0.03205	0.00504	0.9998	0.01938	0.03196	-0.01953	0.9993
-107.46018	17.73277	814.02754	1.49778	2.393	-1.14104	0.37711	0.99893	-0.01882	-0.04225	0.0199	0.99948	0.0253	0.04175	-0.02612	0.99879
-116.42782	20.72603	848.74677	1.75842	2.31451	-4.09987	0.31744	0.99663	-0.07023	-0.04246	0.07144	0.99706	0.02772	0.04038	-0.03066	0.99871
-126.5583	28.04143	882.49584	0.4706	2.34834	-7.29427	0.42478	0.99107	-0.12663	-0.04168	0.12686	0.99192	0.00294	0.04097	-0.00821	0.99913
-136.51333	38.08092	911.7626	-1.44545	2.33695	-10.06535	0.46901	0.98379	-0.17573	-0.03573	0.17463	0.98412	-0.03196	0.04078	0.0252	0.99885
-149.55997	45.32459	935.49861	-2.26608	1.37254	-12.03537	0.43962	0.97774	-0.20928	-0.01516	0.20846	0.97706	-0.04366	0.02395	0.03953	0.99893
-163.20436	48.41224	955.6689	-1.5619	0.44446	-13.08488	0.44905	0.97401	-0.22652	-0.00138	0.22639	0.97363	-0.0283	0.00776	0.02726	0.9996
-174.96738	49.64692	974.53643	-0.18325	0.15603	-13.19618	0.44317	0.97359	-0.22829	-0.00192	0.22829	0.97359	-0.00374	0.00272	0.0032	0.99999
-185.40693	52.93389	995.7007	0.91162	-0.08794	-13.45958	0.51551	0.97253	-0.23275	-0.00221	0.23276	0.97241	0.01583	-0.00153	-0.01591	0.99987
-194.18305	59.13954	1020.47002	1.09276	-0.22863	-15.44578	0.50239	0.96388	-0.26635	-0.00123	0.26632	0.96369	0.01944	-0.00399	-0.01907	0.99981
-202.71853	65.24448	1047.30908	1.6768	-0.66721	-19.67603	0.45779	0.94155	-0.33688	0.00111	0.33668	0.94109	0.03147	-0.01164	-0.02926	0.9995
-215.21149	69.56838	1070.11849	3.02138	-2.46687	-23.60704	0.52818	0.91546	-0.40198	0.01828	0.40009	0.91413	0.06551	-0.04304	-0.05266	0.99768
-225.67609	70.97457	1088.66538	5.09021	-3.64781	-24.26044	0.59897	0.90984	-0.41441	0.02132	0.41005	0.90577	0.10693	-0.06362	-0.08854	0.99404
-232.89106	71.53995	1109.90727	7.10181	-4.98467	-23.49241	0.55555	0.91364	-0.40542	0.02979	0.39712	0.90579	0.14776	-0.08689	-0.12317	0.98858
-236.77349	76.46818	1137.96306	7.88541	-6.34272	-23.10546	0.52202	0.91415	-0.40265	0.04682	0.39002	0.90514	0.16913	-0.11048	-0.13635	0.98448
-235.16596	85.75104	1174.55979	7.84871	-7.68993	-23.71388	0.53516	0.90733	-0.41513	0.06645	0.39855	0.89964	0.17834	-0.13381	-0.13533	0.98172
-227.82407	98.36247	1217.75457	7.05241	-8.04651	-24.02311	0.50889	0.90439	-0.41972	0.0769	0.4031	0.89947	0.1687	-0.13998	-0.12157	0.98266
-219.6818	109.31487	1262.84687	7.06083	-7.49091	-24.55114	0.59762	0.90183	-0.42693	0.06661	0.41196	0.89603	0.16557	-0.13037	-0.12187	0.98395
-211.33356	121.05892	1306.28232	6.26885	-6.51657	-26.44062	0.75073	0.88961	-0.4537	0.05239	0.44239	0.88452	0.148	-0.11349	-0.10849	0.9876
-207.22965	132.72363	1345.78153	5.10728	-5.65129	-29.09247	0.66215	0.86959	-0.49195	0.04242	0.48386	0.8661	0.12548	-0.09847	-0.08859	0.99119
-211.78086	140.41093	1381.61142	4.26141	-6.49425	-30.75162	0.55569	0.85388	-0.51713	0.05894	0.50804	0.85272	0.12153	-0.1131	-0.07383	0.99084
-223.37358	139.96102	1411.63397	4.49032	-8.08365	-30.53959	0.51658	0.85272	-0.51606	0.08096	0.50308	0.85304	0.13866	-0.14062	-0.07751	0.98702
-236.58972	132.41021	1436.57122	5.83821	-10.2239	-30.07802	0.67628	0.8516	-0.5142	0.10182	0.49322	0.85181	0.17652	-0.1775	-0.1001	0.97902
-245.01074	123.6359	1461.89571	5.81969	-10.24876	-30.28043	0.62551	0.84979	-0.51721	0.10173	0.49619	0.85002	0.17682	-0.17792	-0.09978	0.97897
-248.91045	116.00515	1485.50146	5.349	-9.86006	-31.67851	0.47347	0.83844	-0.53645	0.09614	0.5174	0.83892	0.16887	-0.17124	-0.09185	0.98094
-247.08741	108.60567	1502.01434	4.6372	-8.78325	-31.77768	0.47927	0.84013	-0.5354	0.08681	0.52045	0.84081	0.14888	-0.1527	-0.0799	0.98504
-246.82478	103.39183	1506.67011	3.78062	-8.52173	-33.17586	0.46082	0.82775	-0.5542	0.08768	0.54117	0.82983	0.1361	-0.14818	-0.06521	0.98681
-248.18062	103.43122	1504.06106	2.2276	-8.29138	-35.42778	0.43694	0.80633	-0.58381	0.09489	0.57362	0.81098	0.1152	-0.14421	-0.03846	0.9888
-249.85505	106.39887	1499.69821	1.85172	-9.17505	-36.32787	0.47215	0.79533	-0.59625	0.10925	0.58483	0.80217	0.12044	-0.15945	-0.0319	0.98669
-247.00004	109.05194	1494.27304	2.91824	-10.48426	-35.15357	0.45205	0.80396	-0.5826	0.11927	0.56616	0.81122	0.14626	-0.18197	-0.05006	0.98203
-234.63484	114.5478	1494.29189	4.24574	-9.37108	-33.86205	0.48643	0.8193	-0.56568	0.09359	0.54976	0.82139	0.15195	-0.16283	-0.07305	0.98395
-217.90631	126.23572	1499.58362	3.61513	-7.8278	-34.14151	0.46227	0.81994	-0.56723	0.07711	0.55601	0.82119	0.12847	-0.1362	-0.06247	0.98871
-202.9549	136.71376	1502.06337	3.41046	-6.77111	-35.03662	0.5469	0.81307	-0.57883	0.06221	0.5701	0.81331	0.11628	-0.1179	-0.05907	0.99127
-191.55133	145.04498	1500.64131	3.51621	-6.8069	-33.7159	0.47261	0.82594	-0.56008	0.06436	0.55116	0.8262	0.11668	-0.11852	-0.0609	0.99108
-179.25914	153.13227	1497.3313	3.94092	-7.36626	-31.22035	0.47495	0.84812	-0.52464	0.07376	0.51405	0.84859	0.12507	-0.12821	-0.06816	0.9894
-162.21524	163.76357	1491.74728	3.60581	-7.10463	-28.62542	0.60268	0.87103	-0.48496	0.07822	0.4754	0.87231	0.11434	-0.12368	-0.06241	0.99036
-138.78517	177.87144	1478.31555	2.57609	-6.25175	-26.61142	0.58917	0.88875	-0.45186	0.07713	0.44527	0.89097	0.08891	-0.1089	-0.04468	0.99305
-113.24074	195.11997	1466.43084	1.16821	-5.19086	-24.80251	0.51852	0.90404	-0.42108	0.07356	0.41777	0.9068	0.05645	-0.09047	-0.0203	0.99569
-91.66742	217.35684	1464.69091	-0.6668	-4.20277	-21.33684	0.5326	0.92895	-0.36303	0.07249	0.36287	0.9317	0.01582	-0.07329	0.01161	0.99724
-77.45699	239.70413	1470.89486	-1.96928	-4.03791	-17.05129	0.53088	0.95367	-0.29074	0.07736	0.2925	0.95619	-0.01222	-0.07042	0.03428	0.99693
-69.49129	261.95342	1482.77732	-1.49729	-4.09992	-13.87511	0.55962	0.96834	-0.23791	0.07565	0.23919	0.97094	-0.00823	-0.0715	0.02606	0.9971
-64.504	290.37672	1498.43698	-0.89917	-3.57319	-10.59843	0.53661	0.98103	-0.18294	0.06414	0.18357	0.983	-0.00396	-0.06232	0.01566	0.99793
-62.33181	323.27636	1511.04179	0.04763	-3.40077	-7.6676	0.56472	0.98931	-0.13347	0.05868	0.13319	0.99105	0.00874	-0.05932	-0.00083	0.99824
-62.36926	360.24725	1523.64193	1.34326	-3.65048	-6.15982	0.54342	0.99221	-0.10876	0.06077	0.10708	0.99379	0.03014	-0.06367	-0.02339	0.9977
-61.34774	402.5387	1537.26639	2.04801	-3.77255	-3.64234	0.49941	0.99582	-0.06583	0.06335	0.06339	0.99719	0.03984	-0.0658	-0.03566	0.9972
-54.65223	447.01201	1547.9116	2.08223	-3.24661	-1.99159	0.52371	0.99779	-0.03679	0.0553	0.0347	0.99866	0.03828	-0.05663	-0.03628	0.99774
-46.09152	487.53424	1559.54073	2.83396	-2.82279	-1.33475	0.46981	0.99852	-0.0257	0.04802	0.02327	0.99845	0.05057	-0.04925	-0.04938	0.99757
-37.93998	526.58126	1573.126	3.33331	-2.81116	0.20504	0.48209	0.99879	0.00072	0.04917	-0.00357	0.99831	0.05797	-0.04904	-0.05807	0.99711
-28.00415	565.35825	1584.81946	3.94262	-2.62802	2.36179	0.71736	0.9981	0.03796	0.04854	-0.04117	0.99692	0.06681	-0.04585	-0.06869	0.99658
-17.77404	604.16326	1596.5607	4.35113	-2.52387	5.09938	0.79541	0.99508	0.0853	0.05048	-0.0888	0.99347	0.07167	-0.04404	-0.0758	0.99615
-12.05572	644.89685	1611.00477	4.44915	-2.97781	6.81184	0.79814	0.9916	0.11425	0.06063	-0.11845	0.99043	0.07088	-0.05195	-0.07747	0.99564
-11.3975	690.39782	1622.41552	3.76514	-3.60198	8.40322	0.65068	0.98731	0.14174	0.07161	-0.14585	0.98773	0.0558	-0.06282	-0.06554	0.99587
-10.11952	738.335	1614.88037	3.40002	-3.7147	9.27899	0.77198	0.98484	0.15717	0.07339	-0.1609	0.9858	0.0481	-0.06479	-0.05918	0.99614
-9.96763	784.33196	1586.62095	4.81699	-2.68679	10.00508	0.61021	0.98371	0.16925	0.06059	-0.17354	0.982	0.07458	-0.04688	-0.08388	0.99537
-15.60157	837.0548	1546.3635	6.17822	-1.91589	10.46475	0.59737	0.98282	0.17704	0.05223	-0.18153	0.97831	0.09979	-0.03343	-0.10756	0.99364
-28.22802	898.25889	1502.52057	6.68835	-1.61662	9.44893	0.56967	0.98604	0.15981	0.04676	-0.1641	0.98026	0.11029	-0.02821	-0.11642	0.9928
-43.80886	958.52057	1461.42753	7.361	-1.6002	9.21549	0.5562	0.98671	0.1553	0.04786	-0.16009	0.97953	0.12203	-0.02793	-0.12807	0.99137
-56.68542	1017.45879	1424.52996	7.61288	-1.67903	9.36009	0.56162	0.98626	0.15738	0.0502	-0.16257	0.97862	0.12599	-0.0293	-0.13242	0.99076
-67.35343	1081.74663	1394.61485	5.85149	-1.56043	9.56515	0.52227	0.98573	0.16257	0.04365	-0.16611	0.98142	0.09603	-0.02723	-0.10191	0.99442
-77.86936	1145.8573	1369.7143	4.09323	-2.15712	10.67384	0.47024	0.982	0.18211	0.05012	-0.18509	0.98069	0.06319	-0.03764	-0.07133	0.99674
-84.11965	1204.76466	1352.07894	3.56558	-2.40272	12.51412	0.54189	0.97538	0.21372	0.05432	-0.21649	0.97492	0.05165	-0.04192	-0.06214	0.99719
-86.85809	1261.74858	1340.98663	3.6511	-2.65285	14.72383	0.54562	0.96613	0.25079	0.06086	-0.25389	0.96595	0.04985	-0.04628	-0.06361	0.9969
-90.66213	1315.45371	1335.08261	4.26462	-3.43216	17.24749	0.53841	0.95332	0.29143	0.07906	-0.29597	0.95371	0.05332	-0.05987	-0.07423	0.99544
-98.57579	1364.05603	1340.78278	4.49492	-4.17475	19.87584	0.58616	0.93794	0.33357	0.0949	-0.33908	0.93948	0.04903	-0.0728	-0.07816	0.99428
-109.36721	1407.80427	1356.52984	4.66312	-4.61132	22.78373	0.54769	0.91899	0.37995	0.10536	-0.386	0.92145	0.04392	-0.0804	-0.08103	0.99346
-121.85862	1447.41176	1378.6066	5.09425	-3.94642	25.19864	0.57999	0.90269	0.41855	0.09983	-0.42475	0.90386	0.05116	-0.06882	-0.08858	0.99369
-142.86887	1484.91209	1402.70799	5.75984	-3.32008	27.81315	0.55478	0.88299	0.45909	0.09779	-0.46581	0.88272	0.06188	-0.05791	-0.10019	0.99328
-171.04077	1519.06525	1430.02721	6.97421	-2.46164	31.15553	0.50455	0.85498	0.50907	0.0993	-0.51689	0.85213	0.08185	-0.04295	-0.12131	0.99168
-203.25782	1548.54253	1459.83662	8.59122	-0.33805	35.21768	0.46023	0.81695	0.56949	0.09091	-0.57667	0.80831	0.11868	-0.0059	-0.14938	0.98876
-238.87919	1577.10398	1489.62739	9.43287	1.17495	39.62273	0.46353	0.7701	0.63169	0.08894	-0.6376	0.7577	0.13914	0.02051	-0.16386	0.98627
-275.37215	1606.99309	1514.08644	9.39291	1.93513	42.6763	0.4857	0.73478	0.67282	0.08614	-0.67747	0.7216	0.14257	0.03377	-0.16311	0.98603
-310.31241	1636.71006	1528.23743	9.15413	2.64043	46.1145	0.44289	0.69248	0.71663	0.08313	-0.71996	0.67911	0.14306	0.04607	-0.15892	0.98622
-343.39808	1668.30165	1533.9405	8.55795	3.40366	50.13937	0.50518	0.63979	0.76472	0.0766	-0.76625	0.627	0.14044	0.05937	-0.14855	0.98712
-376.72183	1702.74938	1534.25211	7.5703	3.82631	54.27177	0.43426	0.58264	0.80985	0.06832	-0.80999	0.57171	0.13063	0.06673	-0.13145	0.98907
-409.48868	1737.20563	1534.67277	6.66783	4.04899	58.82081	0.44835	0.51642	0.85401	0.06303	-0.85342	0.5072	0.12012	0.07061	-0.11582	0.99076
-444.34289	1768.57893	1533.48529	6.33855	3.88325	63.31171	0.53375	0.44811	0.89136	0.06841	-0.89141	0.43971	0.10972	0.06772	-0.11015	0.99161
-485.86786	1791.35802	1529.39625	6.29439	2.98617	67.10221	0.44207	0.38856	0.91787	0.08085	-0.91995	0.38148	0.09036	0.05209	-0.10949	0.99262
-531.27184	1807.832	1515.47247	6.30004	1.88446	71.3823	0.43653	0.31908	0.9431	0.09356	-0.94716	0.3139	0.06601	0.03288	-0.10968	0.99342
-575.26192	1821.90183	1491.44222	5.81482	1.73583	75.53378	0.42344	0.24969	0.96408	0.09057	-0.96785	0.24555	0.05449	0.03029	-0.10127	0.9944
-619.51444	1832.78563	1462.65198	5.15393	2.22983	79.06954	0.44337	0.18947	0.97855	0.08085	-0.98111	0.18542	0.05508	0.03891	-0.08976	0.9952
-667.82676	1838.00997	1432.6301	5.0104	2.71961	81.64181	0.80655	0.1452	0.9862	0.07954	-0.98826	0.14071	0.05946	0.04745	-0.08724	0.99506
-721.56207	1836.57082	1403.91641	5.3172	2.58979	84.10945	0.7103	0.10252	0.99087	0.08756	-0.9937	0.09802	0.05426	0.04518	-0.09257	0.99468
-777.04225	1832.94908	1377.54551	5.39225	1.36318	87.36821	0.722	0.0459	0.99463	0.09279	-0.99866	0.04348	0.02797	0.02379	-0.09395	0.99529
-829.30116	1833.24708	1348.74376	4.7124	0.43755	90.2766	0.71131	-0.00483	0.9966	0.08219	-0.99996	-0.00544	0.00721	0.00764	-0.08215	0.99659
-877.76901	1832.52201	1316.29171	4.18835	0.00264	92.80259	0.57827	-0.04889	0.99614	0.07295	-0.9988	-0.04877	-0.00353	5E-05	-0.07304	0.99733
-923.95589	1830.83647	1286.05846	4.00416	0.07329	96.19235	0.64347	-0.10787	0.99173	0.06956	-0.99416	-0.10769	-0.00626	0.00128	-0.06983	0.99756
-970.51064	1829.22615	1264.24881	3.72374	0.06926	100.09953	0.65317	-0.17536	0.98241	0.06415	-0.9845	-0.17507	-0.0102	0.00121	-0.06495	0.99789
-1010.90723	1822.57997	1249.92041	4.23286	1.18691	104.01651	0.6889	-0.24215	0.96721	0.07662	-0.97002	-0.24302	0.00217	0.02071	-0.07379	0.99706
-1044.41266	1813.03174	1242.77735	5.19356	3.18355	107.48386	0.57289	-0.29997	0.94838	0.10295	-0.95233	-0.304	0.02556	0.05553	-0.09038	0.99436
-1079.12272	1804.08867	1247.67927	5.51954	4.22489	111.08088	0.64979	-0.35871	0.9262	0.11612	-0.93054	-0.36463	0.03383	0.07367	-0.09592	0.99266
-1115.07944	1795.6549	1266.29179	5.23487	4.50612	114.55247	0.62233	-0.41424	0.90281	0.1155	-0.90677	-0.42031	0.03325	0.07857	-0.09096	0.99275
-1149.08425	1786.35202	1295.45242	4.18443	5.03789	117.39394	0.64294	-0.45833	0.88255	0.10508	-0.88443	-0.46457	0.04419	0.08781	-0.07269	0.99348
-1184.18262	1771.53792	1332.01201	2.76873	5.76613	120.43017	0.69656	-0.50393	0.85878	0.09248	-0.85788	-0.51008	0.06206	0.10047	-0.04806	0.99378
-1222.70559	1750.75326	1368.05815	1.10189	6.53088	122.76855	0.69158	-0.53773	0.83952	0.07772	-0.83541	-0.54299	0.08521	0.11374	-0.01911	0.99333
-1261.06122	1723.45028	1398.85232	-0.27998	7.57128	124.31152	0.71322	-0.55878	0.82634	0.07023	-0.81878	-0.56315	0.11158	0.13176	0.00484	0.99127
-1297.95179	1692.54674	1426.40393	-0.96793	8.71869	125.90527	0.69713	-0.57967	0.81137	0.0752	-0.80063	-0.58429	0.13267	0.15158	0.0167	0.9883
-1339.17995	1662.51278	1450.30722	-1.11573	8.54878	126.97829	0.64607	-0.59483	0.80045	0.07384	-0.78999	-0.59909	0.13044	0.14865	0.01926	0.9887
-1380.30417	1634.52852	1472.44273	-1.28884	8.04558	127.88901	0.60614	-0.60809	0.79094	0.06818	-0.78143	-0.61149	0.12424	0.13996	0.02227	0.98991
-1416.10984	1610.92742	1494.01219	-2.01659	8.2256	129.59639	0.68392	-0.63082	0.77328	0.06402	-0.76263	-0.6331	0.1326	0.14307	0.03483	0.9891
-1450.49393	1587.77375	1514.18043	-2.54263	8.29785	132.02525	0.64831	-0.66245	0.7464	0.06357	-0.73507	-0.66404	0.1368	0.14432	0.0439	0.98856
-1483.16399	1564.79979	1534.66363	-2.65938	8.40318	134.93759	0.60506	-0.69875	0.7119	0.07027	-0.70028	-0.70078	0.13611	0.14614	0.0459	0.9882
-1513.62941	1544.37924	1551.64385	-3.28211	9.10989	137.97339	0.59941	-0.73346	0.67511	0.07909	-0.66103	-0.73555	0.14835	0.15833	0.05653	0.98577
-1543.01972	1520.99024	1564.39382	-3.4224	8.99465	141.0087	0.58544	-0.76768	0.63533	0.08374	-0.62147	-0.76998	0.14459	0.15634	0.05896	0.98594
-1570.20752	1492.26706	1569.4421	-3.123	8.65089	143.66565	0.48298	-0.79641	0.59822	0.08871	-0.58576	-0.79952	0.13287	0.15041	0.05386	0.98715
-1596.56853	1459.4968	1562.45503	-3.1785	8.34012	145.96205	0.49217	-0.8199	0.56555	0.08898	-0.55382	-0.82289	0.12701	0.14505	0.05486	0.9879
-1621.70356	1421.02604	1544.44244	-3.17806	8.26961	147.84575	0.64711	-0.83782	0.53813	0.09208	-0.52667	-0.84107	0.12337	0.14383	0.05486	0.98808
-1643.47013	1377.51179	1520.72922	-3.40584	8.64476	149.18398	0.66087	-0.84906	0.51905	0.09843	-0.50646	-0.85273	0.12788	0.15031	0.05873	0.98689
-1662.7214	1332.70062	1496.93675	-4.49814	9.27797	150.77383	0.65321	-0.86128	0.49779	0.10197	-0.48187	-0.86384	0.14692	0.16122	0.0774	0.98388
-1684.43727	1286.59383	1474.08624	-4.96112	8.86753	153.03354	0.68662	-0.88062	0.46365	0.09766	-0.44805	-0.88189	0.14672	0.15415	0.08545	0.98435
-1712.21986	1238.45063	1450.24096	-4.19698	7.14525	154.25378	0.72044	-0.89373	0.44142	0.07995	-0.43101	-0.89436	0.11981	0.12439	0.07262	0.98957
-1739.18776	1187.76164	1424.42951	-2.29969	5.95219	155.32494	0.5471	-0.90379	0.42092	0.0774	-0.41522	-0.90622	0.07972	0.1037	0.03991	0.99381
-1761.92174	1140.28458	1395.71287	-0.90534	5.73084	156.39908	0.5653	-0.91178	0.40176	0.08517	-0.39836	-0.91561	0.05445	0.09986	0.01572	0.99488
-1785.80281	1096.93581	1367.02017	-0.20392	5.66357	158.67357	0.46795	-0.92698	0.36401	0.09063	-0.36191	-0.93139	0.03921	0.09869	0.00354	0.99511
-1814.07838	1055.81656	1343.86105	-0.13263	5.39246	161.40331	0.42619	-0.94359	0.31911	0.08833	-0.31749	-0.94771	0.03216	0.09398	0.0023	0.99557
-1842.68962	1017.72893	1325.22477	-0.3619	5.41521	164.08693	0.43045	-0.95739	0.27475	0.08902	-0.27295	-0.9615	0.03195	0.09437	0.00629	0.99552
-1865.40151	981.27677	1302.27847	-0.6363	5.90167	166.1754	0.46275	-0.96589	0.24004	0.09718	-0.23768	-0.9707	0.03535	0.10282	0.01105	0.99464
-1882.43575	943.5998	1272.90666	-0.92935	6.46441	168.20358	0.44438	-0.97266	0.2062	0.10688	-0.20314	-0.97838	0.03889	0.11259	0.01612	0.99351
-1896.84616	904.03391	1247.49751	-1.65816	6.66149	170.09535	0.48239	-0.97844	0.17524	0.10925	-0.17085	-0.98411	0.04845	0.116	0.02874	0.99283
-1908.9935	861.06974	1236.24392	-3.22091	6.68357	171.63167	0.50422	-0.98263	0.15178	0.10679	-0.14455	-0.98684	0.0725	0.11639	0.0558	0.99164
-1918.10335	808.68637	1245.69474	-3.78891	6.41518	172.49451	0.60246	-0.98522	0.13766	0.1019	-0.1298	-0.9883	0.08008	0.11173	0.06567	0.99157
-1924.31611	752.79891	1269.3295	-4.16297	6.40053	173.77243	0.97329	-0.9879	0.11624	0.10265	-0.1078	-0.9906	0.08423	0.11148	0.07214	0.99114
-1930.6414	699.57791	1296.5418	-4.55236	5.99964	174.83116	0.84156	-0.99048	0.09807	0.09662	-0.0896	-0.99204	0.08843	0.10452	0.07894	0.99139
-1937.07916	651.39594	1324.48375	-4.68324	5.8151	175.42996	0.79993	-0.99169	0.08766	0.09415	-0.07927	-0.99283	0.08943	0.10132	0.08123	0.99153
-1942.61307	607.95001	1351.94023	-5.25847	5.92605	175.69835	0.76813	-0.99185	0.08413	0.09565	-0.07461	-0.99228	0.0991	0.10324	0.09116	0.99047
-1949.04077	564.09268	1378.07507	-5.43196	6.04186	176.73415	0.63166	-0.99283	0.06666	0.09922	-0.05665	-0.99332	0.10048	0.10526	0.09414	0.98998
-1959.4164	519.84098	1403.91769	-5.76359	5.7803	178.27905	0.56716	-0.99447	0.03999	0.09714	-0.02988	-0.99419	0.10339	0.10071	0.09991	0.98989
-1971.24603	474.63551	1430.94731	-6.25223	5.69698	179.91734	0.59001	-0.99506	0.01224	0.09852	-0.00144	-0.99404	0.10905	0.09927	0.10837	0.98914
-1979.80084	428.22552	1457.897	-6.73358	6.10712	-179.09511	0.5704	-0.9942	-0.00321	0.10749	0.0157	-0.99318	0.11557	0.10639	0.11659	0.98747
-1984.51386	382.17075	1481.17842	-6.96653	6.25953	-177.47353	0.46706	-0.99307	-0.03054	0.11347	0.04382	-0.99224	0.1164	0.10903	0.12057	0.9867
-1986.30257	337.25097	1501.91517	-7.52236	5.80916	-176.00026	0.3378	-0.99244	-0.05593	0.10923	0.06939	-0.9899	0.1236	0.10122	0.13024	0.9863
-1985.93016	291.33917	1523.09047	-7.82057	4.78006	-174.75206	0.3497	-0.99234	-0.07932	0.09466	0.09115	-0.98758	0.12795	0.08333	0.1356	0.98725
-1978.76179	243.99764	1541.25817	-7.86063	4.28917	-174.33188	0.34112	-0.99232	-0.08766	0.08723	0.09849	-0.98677	0.12878	0.07479	0.13638	0.98783
-1963.84915	197.54398	1553.69983	-8.6575	4.54401	-174.36505	0.41917	-0.99204	-0.0852	0.09272	0.09788	-0.985	0.14211	0.07922	0.15005	0.9855
-1949.15653	150.4749	1559.75615	-9.08714	4.847	-173.91141	0.44778	-0.9908	-0.09147	0.09972	0.10569	-0.98329	0.1482	0.0845	0.15737	0.98392
-1942.00019	101.06846	1557.32922	-8.72967	4.31382	-174.01801	0.33628	-0.99174	-0.09165	0.08976	0.10392	-0.98422	0.1432	0.07522	0.15134	0.98562
-1936.71105	51.79523	1545.9276	-8.32551	4.09884	-173.57919	0.37512	-0.99119	-0.10037	0.08647	0.11154	-0.98441	0.13598	0.07148	0.14443	0.98693
-1931.66931	3.56957	1525.10211	-8.01866	4.13035	-173.11581	0.36471	-0.99021	-0.10872	0.08753	0.11955	-0.98429	0.12994	0.07203	0.13913	0.98765
-1929.30638	-47.66631	1497.80445	-7.19905	4.19949	-172.04008	0.32962	-0.98771	-0.1283	0.08931	0.13811	-0.98383	0.11405	0.07323	0.12498	0.98945
-1931.61815	-100.60804	1468.57981	-6.37413	4.12283	-170.78252	0.38082	-0.98453	-0.15131	0.08831	0.15977	-0.98226	0.09814	0.07189	0.11073	0.99125
-1934.71692	-152.03911	1437.47943	-5.71186	3.96934	-169.85454	0.39673	-0.982	-0.16849	0.08533	0.17573	-0.98069	0.08584	0.06922	0.09929	0.99265
-1932.2926	-202.94205	1403.23084	-4.66926	4.085	-168.86481	0.35762	-0.97868	-0.18679	0.08538	0.19263	-0.97904	0.06616	0.07124	0.0812	0.99415
-1929.25881	-256.43629	1367.52403	-3.07692	3.80855	-168.12674	0.36068	-0.97644	-0.20196	0.07595	0.20529	-0.97793	0.03888	0.06642	0.05356	0.99635
-1923.77723	-310.56819	1331.88863	-1.88855	3.37484	-168.09607	0.38943	-0.9768	-0.20426	0.06437	0.20591	-0.97836	0.02011	0.05887	0.0329	0.99772
-1914.83638	-360.83984	1297.6729	-1.94862	3.36107	-168.41846	0.39106	-0.97795	-0.19869	0.06423	0.20042	-0.97947	0.02155	0.05863	0.03394	0.9977
-1905.6132	-405.73979	1268.19804	-3.31488	3.25402	-169.16249	0.41881	-0.98058	-0.18449	0.06653	0.18772	-0.98114	0.04614	0.05676	0.05773	0.99672
-1899.63199	-449.11817	1251.40542	-4.5707	2.73809	-169.24773	0.41718	-0.98132	-0.18223	0.06165	0.18635	-0.98003	0.06941	0.04777	0.0796	0.99568
-1897.99879	-488.1068	1244.12982	-5.07681	2.11964	-169.91466	0.39248	-0.98387	-0.17121	0.05177	0.17499	-0.98126	0.08067	0.03699	0.08843	0.9954
-1899.96444	-523.18537	1241.04781	-5.60079	2.1062	-170.58131	0.39791	-0.98585	-0.15933	0.05205	0.16354	-0.9824	0.0903	0.03675	0.09753	0.99455
-1902.63903	-562.19807	1247.26334	-5.03542	2.8272	-170.65712	0.41458	-0.98553	-0.15744	0.06273	0.16214	-0.98363	0.07863	0.04932	0.08766	0.99493
-1902.23767	-602.96309	1268.43797	-4.08405	4.23634	-169.69574	0.32912	-0.98118	-0.17324	0.08523	0.17839	-0.98231	0.05689	0.07387	0.07103	0.99474
-1902.39108	-637.54619	1295.31353	-4.74795	5.33347	-167.65604	0.46429	-0.97265	-0.20553	0.10819	0.21285	-0.97517	0.06106	0.09295	0.08241	0.99225
-1906.34136	-674.27853	1330.74381	-4.83419	5.49514	-165.04597	0.4241	-0.96169	-0.24933	0.11394	0.25686	-0.96478	0.0568	0.09576	0.08389	0.99186
-1909.4142	-712.46995	1375.02651	-4.0679	5.77528	-162.95146	0.42561	-0.9512	-0.28562	0.11676	0.29169	-0.95574	0.03839	0.10063	0.07058	0.99242
-1908.07697	-745.50329	1417.63896	-3.76791	6.19878	-161.16638	0.39454	-0.94093	-0.31541	0.12319	0.32093	-0.9467	0.02741	0.10798	0.06533	0.992
-1902.99672	-777.19426	1452.16372	-3.62873	6.67513	-159.23505	0.44069	-0.9287	-0.34695	0.13091	0.35213	-0.93578	0.01805	0.11624	0.06286	0.99123
-1896.24633	-810.33589	1479.89426	-3.71574	6.21933	-157.44328	0.49145	-0.91806	-0.37631	0.1247	0.38134	-0.92425	0.01838	0.10833	0.06443	0.99202
-1886.18555	-843.81137	1501.04757	-4.43699	5.30407	-155.91524	0.49444	-0.90903	-0.40034	0.11571	0.40634	-0.91313	0.03302	0.09244	0.07703	0.99273
-1871.28323	-875.9776	1517.05633	-5.9221	4.68867	-154.8759	0.53977	-0.90236	-0.41468	0.11742	0.42316	-0.90414	0.05889	0.08174	0.10283	0.99133
-1852.81379	-906.55025	1530.96897	-8.23106	4.15417	-153.85513	0.47432	-0.89532	-0.42679	0.12744	0.43948	-0.89301	0.09693	0.07244	0.14279	0.9871
-1836.21868	-940.45811	1544.57897	-10.38438	2.83753	-152.44832	0.5783	-0.88551	-0.44706	0.12655	0.46198	-0.8762	0.13729	0.0495	0.18003	0.98241
-1824.64722	-979.89892	1558.63342	-10.83902	1.32269	-151.38789	0.59673	-0.87765	-0.46652	0.10996	0.47875	-0.8643	0.15423	0.02308	0.188	0.9819
-1815.927	-1021.71762	1566.94578	-10.93729	-0.37479	-150.83322	0.47188	-0.87319	-0.47958	0.08686	0.48734	-0.85674	0.16881	-0.00654	0.18973	0.98181
-1803.59281	-1063.28459	1568.98792	-11.23663	-1.08305	-150.1613	0.4989	-0.86727	-0.49122	0.08087	0.49747	-0.84897	0.17825	-0.0189	0.19483	0.98066
-1788.26669	-1106.41939	1568.18155	-11.69436	-1.32068	-148.69446	0.44664	-0.85418	-0.51281	0.08603	0.51946	-0.83425	0.18491	-0.02305	0.20264	0.97898
-1771.85261	-1152.61777	1564.06286	-11.71223	-1.26109	-146.10757	0.46246	-0.82988	-0.54973	0.09531	0.5575	-0.81031	0.18052	-0.02201	0.20295	0.97894
-1751.99938	-1202.71574	1557.48437	-11.03575	-0.75375	-143.82225	0.44704	-0.80712	-0.58141	0.10257	0.59024	-0.79078	0.16214	-0.01316	0.1914	0.98142
-1724.70736	-1252.85739	1550.35901	-9.42092	0.4684	-141.09248	0.4399	-0.77813	-0.61855	0.10908	0.62804	-0.76851	0.12231	0.00817	0.16368	0.98648
-1697.69982	-1301.7941	1540.6369	-8.20177	0.89946	-138.52715	0.43601	-0.74918	-0.65381	0.10612	0.66218	-0.74309	0.0966	0.0157	0.14264	0.98965
-1668.64368	-1347.01034	1529.75887	-6.89757	1.20767	-137.29004	0.42907	-0.73463	-0.67152	0.09683	0.67814	-0.7312	0.07405	0.02108	0.12007	0.99254
-1635.7961	-1387.43451	1518.41455	-6.37904	1.64302	-136.22308	0.49839	-0.72174	-0.68527	0.09744	0.69157	-0.71977	0.06051	0.02867	0.11106	0.9934
-1601.72971	-1424.62651	1505.77282	-6.72608	1.66443	-135.5287	0.58188	-0.7133	-0.6933	0.10264	0.70026	-0.71107	0.06337	0.02905	0.11707	0.9927
-1566.99627	-1462.18582	1489.9454	-6.62929	1.78997	-134.80869	0.65972	-0.7044	-0.70218	0.10377	0.70912	-0.70259	0.05935	0.03124	0.11539	0.99283
-1534.05491	-1501.91729	1469.60759	-5.78123	2.08834	-134.24626	0.84935	-0.69728	-0.71014	0.09745	0.71587	-0.69682	0.04431	0.03644	0.10066	0.99425
-1503.02643	-1540.8908	1446.12629	-5.3376	2.37887	-133.18297	0.89536	-0.68374	-0.72337	0.09611	0.72854	-0.68418	0.03352	0.04151	0.09294	0.99481
-1470.25137	-1580.78055	1422.95591	-4.93848	3.13532	-132.58562	0.86214	-0.67568	-0.73035	0.10026	0.73516	-0.67765	0.01813	0.05469	0.08596	0.9948
-1438.34763	-1621.14189	1400.99574	-4.96642	3.84087	-131.37344	0.74246	-0.65948	-0.74377	0.10907	0.74873	-0.66283	0.00714	0.06699	0.08638	0.99401
-1411.40552	-1657.52197	1380.62916	-6.32303	3.49159	-129.58232	0.73477	-0.636	-0.76175	0.12345	0.76928	-0.63848	0.02352	0.0609	0.10993	0.99207
-1384.27439	-1692.39786	1362.38955	-6.82235	3.2853	-127.74653	0.71409	-0.61116	-0.78096	0.12877	0.78943	-0.61322	0.02773	0.05731	0.1186	0.99129
-1350.54507	-1726.69108	1345.60173	-6.49871	3.51985	-125.32272	0.68301	-0.57709	-0.80665	0.12761	0.81437	-0.58014	0.01567	0.06139	0.11297	0.9917
-1309.56372	-1761.11069	1334.37236	-5.64224	3.98394	-123.18872	0.70534	-0.54608	-0.82908	0.12013	0.83485	-0.55046	-0.00404	0.06948	0.09808	0.99275
-1265.2845	-1791.35073	1327.37808	-5.49583	3.97954	-121.43681	0.737	-0.5203	-0.84583	0.11775	0.85116	-0.52483	-0.00899	0.0694	0.09554	0.993
-1216.63618	-1818.9708	1329.75176	-5.47874	4.06824	-120.35011	1.02051	-0.50401	-0.85559	0.11807	0.86078	-0.50882	-0.0127	0.07094	0.09524	0.99292
-1165.71499	-1843.31938	1345.34845	-5.67267	4.30114	-118.85564	1.25592	-0.48125	-0.86797	0.12259	0.87337	-0.48673	-0.01766	0.075	0.09857	0.9923
-1118.62472	-1863.54394	1371.81385	-6.41174	4.03708	-117.69354	1.16711	-0.46359	-0.87625	0.13139	0.88325	-0.4688	-0.01005	0.0704	0.1114	0.99128
-1078.29776	-1881.60968	1403.78789	-7.13111	3.84742	-116.80748	1.15313	-0.44998	-0.88187	0.14083	0.89052	-0.45494	-0.00344	0.0671	0.12386	0.99003
-1043.84273	-1898.81261	1437.82528	-7.76328	2.99696	-115.99722	1.46491	-0.43773	-0.88748	0.14412	0.89759	-0.44066	0.01265	0.05228	0.1349	0.98948
-1011.63716	-1916.46784	1471.05204	-8.52024	1.88569	-114.82853	1.46227	-0.41968	-0.89551	0.14813	0.90708	-0.41969	0.03268	0.03291	0.14808	0.98843
-978.18125	-1937.20864	1502.68661	-8.70274	1.53461	-112.90409	1.29315	-0.38905	-0.90897	0.14968	0.92083	-0.38844	0.0345	0.02678	0.15125	0.98813
-946.76912	-1957.849	1526.10932	-9.18657	0.33275	-111.02032	1.35212	-0.35869	-0.92115	0.15108	0.93344	-0.35496	0.05191	0.00581	0.15965	0.98716
-915.70767	-1975.82007	1539.58184	-9.55642	-1.20695	-108.69194	1.49988	-0.32041	-0.93523	0.15061	0.94705	-0.31272	0.07288	-0.02106	0.16598	0.9859
-880.24306	-1989.98235	1545.63825	-9.4083	-2.00741	-105.91409	1.33713	-0.27403	-0.95031	0.14773	0.96108	-0.265	0.07806	-0.03503	0.16337	0.98594
-840.13899	-1999.10591	1548.81207	-8.7905	-2.52328	-103.92193	1.05247	-0.24037	-0.96084	0.13786	0.96968	-0.23124	0.079	-0.04403	0.15267	0.9873
-796.79436	-2003.02446	1547.58458	-8.45457	-3.12944	-102.06544	0.79299	-0.20872	-0.96896	0.13249	0.97645	-0.19891	0.08354	-0.05459	0.14681	0.98766
-749.48273	-2000.36495	1544.97852	-8.35057	-3.02644	-101.599	0.67653	-0.20078	-0.97073	0.13176	0.97821	-0.19142	0.08037	-0.0528	0.14503	0.98802
-702.36634	-1994.14671	1543.68196	-8.40945	-3.98479	-100.38941	0.57306	-0.1799	-0.97486	0.13145	0.98123	-0.1684	0.09399	-0.06949	0.14589	0.98686
-654.78421	-1991.63915	1544.5457	-7.69629	-4.32504	-99.19061	0.49989	-0.15926	-0.97988	0.12027	0.98435	-0.14831	0.09517	-0.07541	0.13354	0.98817
-603.62139	-1993.13204	1545.12845	-6.71428	-3.45353	-98.16553	0.40249	-0.14178	-0.98407	0.10724	0.98806	-0.13409	0.07583	-0.06024	0.11671	0.99134
-554.57905	-1996.33796	1543.27974	-5.85935	-2.41158	-96.47407	0.34537	-0.11265	-0.98892	0.09672	0.99274	-0.1079	0.0531	-0.04208	0.102	0.99389
-512.69232	-1998.69514	1536.93899	-5.68918	-2.51022	-95.37585	0.41867	-0.0936	-0.9911	0.09461	0.99465	-0.0889	0.05268	-0.0438	0.09904	0.99412
-473.05843	-2001.13563	1530.50107	-5.82671	-2.92357	-93.89249	0.39844	-0.0678	-0.99289	0.09784	0.99639	-0.06237	0.05751	-0.051	0.10139	0.99354
-431.36611	-2005.74079	1527.63989	-5.97327	-3.12455	-91.64998	0.57209	-0.02875	-0.99432	0.10246	0.9981	-0.02297	0.05718	-0.05451	0.10391	0.99309
-389.44895	-2012.87083	1525.45322	-6.02293	-3.3738	-89.90891	0.4238	0.00159	-0.99447	0.10502	0.99827	0.00776	0.05836	-0.05885	0.10474	0.99276
-347.08605	-2019.3004	1520.65317	-5.87395	-3.59693	-87.82391	0.44271	0.0379	-0.99379	0.10464	0.99731	0.04419	0.05848	-0.06274	0.10214	0.99279
-300.43091	-2025.43007	1509.82021	-5.23656	-3.18971	-85.5014	0.44405	0.07831	-0.99236	0.09533	0.99537	0.08317	0.04808	-0.05564	0.09113	0.99428
-250.38505	-2031.6687	1491.35698	-4.19416	-2.37249	-83.79615	0.51459	0.10797	-0.99115	0.07717	0.99329	0.11079	0.03314	-0.0414	0.07307	0.99647
-202.94617	-2033.68308	1465.53971	-3.71388	-2.24987	-83.0872	0.49516	0.12027	-0.99034	0.06902	0.99197	0.12263	0.03109	-0.03926	0.06472	0.99713
-152.63731	-2030.04968	1435.53505	-4.02742	-1.62779	-83.21144	0.51372	0.11816	-0.9903	0.07309	0.99259	0.11989	0.01984	-0.02841	0.07021	0.99713
-95.38174	-2022.94465	1405.33507	-4.46027	-0.36019	-83.27825	0.44014	0.11705	-0.99006	0.07797	0.99311	0.11718	-0.00288	-0.00629	0.07777	0.99695
-37.0802	-2013.52229	1378.65831	-4.59686	0.40755	-82.95011	0.44217	0.12273	-0.98932	0.07867	0.99241	0.12177	-0.01687	0.00711	0.08014	0.99676
20.31026	-2003.48081	1359.87684	-5.17195	1.38434	-83.43423	0.47336	0.11431	-0.98965	0.0868	0.99315	0.11171	-0.03421	0.02416	0.09012	0.99564
74.8316	-1996.5445	1348.64608	-5.91277	2.2081	-84.02603	0.47084	0.104	-0.98969	0.09847	0.99383	0.09958	-0.04884	0.03853	0.10294	0.99394
125.0945	-1994.32781	1346.87772	-6.48645	2.56015	-83.88191	0.48512	0.10647	-0.98848	0.10759	0.99331	0.10088	-0.05617	0.04467	0.11286	0.99261
173.17604	-1997.02087	1357.95532	-6.55983	2.29367	-84.41718	0.51512	0.09721	-0.98919	0.10983	0.99446	0.0921	-0.05068	0.04002	0.11415	0.99266
220.53348	-2001.55229	1382.14639	-6.55625	1.60223	-84.4179	0.45364	0.09723	-0.98906	0.11094	0.99487	0.09346	-0.03875	0.02796	0.11413	0.99307
268.93046	-2007.5334	1410.10328	-6.74851	0.50396	-84.31272	0.40671	0.09909	-0.98829	0.11607	0.99504	0.09738	-0.02034	0.0088	0.11751	0.99303
320.80651	-2013.91571	1437.27197	-7.06975	0.14314	-84.24812	0.47498	0.10022	-0.98743	0.12221	0.99496	0.09915	-0.0148	0.0025	0.12308	0.99239
366.93563	-2018.86585	1461.25221	-7.0188	-0.4593	-83.19173	0.50767	0.11854	-0.98539	0.12228	0.99292	0.11863	-0.00659	-0.00802	0.12219	0.99247
403.38801	-2020.9051	1480.0881	-6.60916	-2.48743	-82.64416	0.43997	0.12791	-0.98454	0.11967	0.99084	0.13213	0.02802	-0.0434	0.11499	0.99242
441.64431	-2019.46493	1494.82323	-5.91474	-3.43862	-82.3853	0.4346	0.13227	-0.98509	0.11005	0.9894	0.13793	0.04548	-0.05998	0.10286	0.99289
483.39653	-2010.88333	1507.15055	-5.48391	-3.62202	-81.84482	0.44224	0.14157	-0.9845	0.10352	0.98791	0.14718	0.04869	-0.06317	0.09538	0.99343
522.19627	-1995.902	1517.11159	-5.56549	-4.59455	-81.61279	0.58494	0.14539	-0.98351	0.10758	0.98613	0.15286	0.06473	-0.0801	0.09667	0.99209
559.32138	-1979.3142	1525.01979	-5.53091	-5.75117	-81.01366	0.60399	0.15541	-0.98162	0.11078	0.98275	0.16501	0.08346	-0.10021	0.0959	0.99033
597.82093	-1966.92172	1529.83724	-5.48515	-5.83273	-81.02853	0.56573	0.15514	-0.98173	0.11019	0.98265	0.16482	0.08502	-0.10162	0.09509	0.99027
636.69427	-1960.57337	1530.67456	-5.11686	-6.06925	-80.8751	0.57394	0.1577	-0.98191	0.10476	0.98181	0.16727	0.08983	-0.10573	0.08869	0.99043
678.47139	-1958.77817	1528.02863	-4.57459	-5.71566	-80.70705	0.56872	0.16068	-0.98245	0.09474	0.98197	0.16881	0.08509	-0.09959	0.07936	0.99186
723.74424	-1959.24384	1518.54254	-4.33901	-4.95828	-80.80679	0.55896	0.15917	-0.98328	0.08845	0.98346	0.16576	0.07299	-0.08643	0.07537	0.9934
771.5672	-1961.28142	1503.88161	-4.4496	-4.60096	-80.58793	0.53697	0.16301	-0.98255	0.08962	0.98336	0.16918	0.06621	-0.08022	0.07733	0.99377
823.38837	-1962.78322	1486.59775	-4.50907	-3.47855	-79.5776	0.52655	0.18057	-0.97959	0.08826	0.98169	0.18504	0.04527	-0.06067	0.07847	0.99507
870.48352	-1961.97351	1462.06494	-4.49974	-3.09148	-77.7836	0.55073	0.2113	-0.97345	0.08805	0.97593	0.21509	0.03595	-0.05393	0.07834	0.99547
913.95937	-1954.64506	1430.45018	-4.80846	-3.33063	-76.54686	0.55907	0.23226	-0.968	0.09499	0.97092	0.23657	0.0368	-0.0581	0.08368	0.9948
